WorkoutTime,ReadingTime,PhoneTime,WorkHours,CaffeineIntake,RelaxationTime,SleepTime
1.12,0.52,3.29,7.89,216.08,0.75,3.45
2.85,0.49,4.22,5.03,206.18,0.67,4.88
2.2,1.81,4.04,9.23,28.73,0.35,3.61
1.8,0.5,1.62,7.68,276.77,1.21,4.94
0.47,0.54,1.6,4.94,170.54,0.95,5.5
0.47,1.52,2.07,9.77,109.12,1.73,4.01
0.17,0.9,2.44,7.11,226.96,0.06,3.62
2.6,1.55,2.63,4.44,77.21,1.29,6.77
1.8,0.13,3.72,7.76,208.05,1.53,3.8
2.12,0.98,1.23,5.52,11.91,1.52,6.99
0.06,0.07,1.14,8.82,251.82,1.77,15.94
2.91,0.13,2.57,8.91,134.45,1.46,4.7
2.5,1.81,3.79,9.87,191.01,1.86,3.93
0.64,0.28,1.77,7.01,66.37,0.67,4.67
0.55,1.06,3.57,6.73,203.12,1.01,3.76
0.55,0.82,2.04,8.52,231.67,0.03,3.44
0.91,0.69,4.54,4.79,141.96,0.01,3.74
1.57,1.8,4.58,7.28,185.32,0.48,3.49
1.3,0.04,2.19,7.28,136.9,0.2,4.24
0.87,1.33,1.92,4.54,268.23,0.52,5.54
1.84,1.93,2.65,6.51,149.36,0.35,5.15
0.42,1.12,1.96,9.12,252.54,0.06,3.24
0.88,1.87,3.69,9.14,240.41,1.82,3.38
1.1,0.1,4.3,4.6,123.15,0.02,3.92
1.37,0.84,3.69,4.54,69.03,1.47,5.36
2.36,0.52,4.3,5.58,121.82,0.3,4.4
0.6,1.46,2.59,9.25,247.87,1.82,3.72
1.54,1.96,1.63,4.77,68.29,1.79,7.05
1.78,0.51,3.95,8.32,157.33,1.31,3.55
0.14,1.31,2.44,4.61,241.83,1.34,5.21
1.82,0.4,3.69,7.74,106.04,0.01,3.51
0.51,1.13,2.08,6.14,192.66,1.97,5.29
0.2,0.93,1.32,8.73,73.69,1.76,4.65
2.85,1.94,4.97,5.4,32.78,1.79,5.52
2.9,1.22,1.62,7.84,238.32,1.32,5.76
2.43,0.7,4.95,5.41,29.69,0.69,8.71
0.91,0.23,4.91,8.28,81.41,1.79,4.4
0.29,0.3,4.18,9.24,256.53,0.58,3.0
2.05,0.45,3.64,4.76,103.94,1.13,5.32
1.32,0.5,3.31,9.2,291.91,0.2,3.44
0.37,1.7,4.46,7.56,293.92,1.84,3.14
1.49,1.12,2.16,4.76,80.48,0.28,5.83
0.1,1.05,2.87,6.57,12.29,0.45,4.17
2.73,0.23,3.48,4.97,211.52,1.12,5.38
0.78,1.72,2.64,8.2,135.3,1.53,4.38
1.99,1.45,2.71,8.55,30.23,1.24,4.82
0.94,0.14,2.32,4.63,212.26,0.46,5.03
1.56,1.42,3.26,7.04,9.35,0.0,4.42
1.64,1.09,4.4,8.89,261.06,1.51,3.03
0.55,0.16,1.81,9.62,41.6,1.97,4.09
2.91,0.92,4.74,7.08,38.19,1.62,4.63
2.33,0.97,3.76,9.7,52.7,0.92,3.58
2.82,0.33,4.29,7.21,288.08,1.81,4.2
2.68,1.89,3.22,6.37,207.95,0.82,5.34
1.79,1.7,4.12,9.09,240.41,1.05,3.24
2.77,1.34,1.06,6.96,119.29,0.95,6.51
0.27,0.92,4.27,6.83,100.89,0.9,3.28
0.59,0.82,1.16,6.94,70.35,1.55,5.55
0.14,1.3,4.56,9.08,144.19,1.05,3.0
0.98,1.09,4.97,8.99,165.55,0.63,3.0
1.17,0.12,2.18,6.42,189.53,0.52,4.57
0.81,1.03,1.84,6.0,77.14,0.08,5.09
2.49,1.61,4.06,6.95,284.6,1.17,4.41
1.07,0.92,2.01,7.44,50.93,0.46,4.71
0.84,0.1,4.46,5.43,289.7,0.3,3.14
1.63,1.57,1.41,8.76,4.46,1.31,5.45
0.42,0.4,1.5,6.92,144.34,1.36,4.92
2.41,0.52,4.92,6.0,100.01,1.5,4.41
0.22,0.33,3.7,4.64,134.74,1.01,4.27
2.96,0.66,4.39,5.43,171.2,1.79,5.25
2.32,1.51,2.3,9.7,130.68,1.87,4.84
0.6,1.04,3.71,5.83,124.45,1.61,4.45
0.02,0.41,3.38,5.01,219.82,1.27,4.17
2.45,1.76,3.41,6.76,205.76,0.61,4.84
2.12,1.76,3.73,5.84,249.98,1.97,5.3
2.19,1.74,3.3,4.21,74.99,0.55,6.02
2.31,0.48,2.72,5.94,182.86,0.41,5.09
0.22,0.9,2.1,7.26,175.56,0.88,4.22
1.08,1.97,4.07,7.31,110.92,0.11,3.59
0.35,1.54,1.91,6.14,145.82,1.96,5.53
2.59,0.05,3.77,6.68,94.13,1.18,4.66
1.87,0.13,1.93,9.79,42.55,1.11,4.26
0.99,0.93,3.5,6.26,64.14,1.31,4.57
0.19,1.82,3.99,5.55,31.65,0.99,4.36
0.93,1.08,1.87,5.46,204.92,0.06,5.1
0.98,1.0,1.24,6.75,198.22,1.22,5.44
2.19,0.21,1.52,8.56,285.18,1.43,4.82
1.91,1.31,3.42,5.24,218.9,0.83,5.09
2.66,1.64,4.4,8.26,15.61,1.51,4.45
1.42,0.76,1.18,4.13,265.27,0.45,6.23
0.36,1.55,3.94,6.51,258.8,0.44,3.34
2.14,1.93,2.37,8.66,133.0,0.32,4.62
2.28,0.41,2.91,6.03,175.76,0.74,5.05
1.68,1.05,4.72,7.38,292.82,1.69,3.46
2.31,0.57,2.33,5.23,159.69,1.66,6.18
1.48,1.59,2.86,8.45,271.6,0.77,3.89
1.57,1.16,1.05,4.31,24.91,1.18,7.2
1.28,1.27,1.33,9.12,57.32,1.44,5.04
0.08,1.6,2.03,5.19,132.23,0.48,5.15
0.32,0.79,1.11,9.25,175.43,0.34,3.82
0.09,1.83,3.53,6.12,244.87,1.94,7.83
1.91,1.07,2.71,8.34,296.48,1.24,4.22
0.94,0.32,3.19,5.92,116.66,1.96,4.83
1.53,1.39,1.7,9.44,14.22,0.68,4.63
2.72,1.59,2.18,4.76,240.35,1.41,6.71
0.75,0.63,3.66,5.07,181.31,0.45,4.16
1.23,1.71,4.86,6.96,59.56,0.52,3.52
2.27,1.81,1.2,4.49,148.45,1.02,7.27
0.69,0.55,4.56,5.18,222.69,0.64,3.51
0.23,1.97,3.31,9.66,231.12,0.34,3.0
0.87,0.28,3.26,9.86,149.89,0.53,3.0
0.48,0.4,3.0,6.26,91.56,0.07,3.9
2.79,0.37,1.28,9.54,292.12,1.41,4.9
2.42,1.79,1.36,7.27,199.01,0.98,6.02
1.9,1.31,3.4,5.62,122.47,0.19,4.89
2.61,0.3,2.36,8.21,84.14,0.34,4.66
2.41,0.88,4.67,7.95,219.33,0.21,3.13
0.56,1.23,2.63,9.93,72.66,1.23,3.45
2.68,0.17,1.57,5.59,51.51,0.19,6.19
1.62,1.76,3.86,8.03,158.95,1.51,4.1
2.42,1.61,2.17,4.31,87.0,0.04,6.51
2.69,1.01,3.1,4.68,188.67,0.5,5.74
0.95,1.93,3.79,4.02,35.38,1.78,5.81
0.33,0.84,4.6,10.0,196.48,1.44,3.0
0.68,1.97,4.17,8.81,84.99,0.15,3.0
1.28,1.34,3.71,8.72,0.07,1.64,3.98
2.45,1.27,3.72,7.06,38.08,0.99,4.87
2.58,0.33,4.78,5.8,280.08,1.69,4.32
0.02,1.76,2.18,4.91,260.21,1.2,5.23
1.53,0.85,1.0,5.71,70.08,1.36,6.54
1.25,0.32,2.09,6.26,233.51,1.99,5.29
0.67,0.03,1.87,8.54,182.57,0.46,6.93
0.36,1.12,3.65,7.24,291.27,1.25,3.35
1.01,1.05,3.53,4.46,112.08,0.92,5.06
2.83,1.44,3.37,4.11,204.44,0.08,5.8
0.97,1.78,1.06,4.61,19.06,0.03,6.51
1.56,0.16,3.92,6.46,118.87,0.24,3.75
2.11,1.46,2.29,9.6,289.15,1.3,4.22
1.09,0.37,3.66,7.82,161.69,1.13,3.46
2.92,1.72,3.23,8.81,86.36,1.11,4.79
2.89,1.64,2.37,6.8,36.08,0.06,5.75
0.76,1.08,1.54,6.17,211.06,0.94,5.27
1.49,1.42,1.38,4.65,193.46,1.85,6.84
0.9,0.63,4.33,9.26,112.18,0.8,3.0
0.85,0.94,4.67,8.7,285.28,1.25,3.0
0.11,1.64,3.6,5.01,6.66,1.56,4.99
1.83,0.92,1.41,7.07,91.12,1.57,5.96
1.51,0.72,2.61,6.92,276.32,1.04,4.5
0.15,0.99,3.92,7.75,96.28,1.72,3.42
0.84,1.66,4.12,9.68,75.68,0.78,3.0
2.72,0.67,1.47,7.48,160.27,1.78,6.08
0.72,0.35,1.0,7.24,247.14,0.48,4.67
0.43,1.42,3.85,4.3,30.94,0.56,4.77
1.47,1.65,2.43,4.38,282.91,0.11,5.5
2.96,0.2,2.02,5.12,238.52,1.59,6.44
0.73,0.48,1.05,4.19,54.38,0.83,6.43
2.02,0.28,3.16,8.46,213.6,0.46,3.57
2.28,0.7,4.4,8.34,115.49,0.46,3.33
0.71,0.9,4.83,4.82,120.69,1.8,4.28
2.18,1.5,3.26,9.02,234.99,1.67,17.77
1.1,1.3,3.06,4.93,288.84,1.11,5.0
1.9,1.24,1.34,5.81,38.0,1.23,6.61
1.9,0.7,3.2,5.49,126.19,0.95,5.17
1.61,1.68,2.52,6.23,144.28,0.78,5.33
0.27,0.94,3.43,5.53,112.89,1.83,4.65
2.51,1.96,2.55,6.93,108.96,0.25,5.42
0.96,1.27,1.96,6.44,15.68,0.84,5.41
0.56,0.25,1.38,9.92,205.66,0.69,3.42
0.12,1.35,2.26,4.34,130.86,1.0,5.51
1.77,0.65,1.39,4.85,58.44,0.92,6.56
2.03,1.37,1.71,4.32,244.81,1.04,6.6
0.05,0.14,4.95,7.76,240.77,0.28,3.0
1.54,0.35,2.78,4.33,145.92,1.03,5.6
0.68,1.71,3.13,9.02,89.54,0.48,3.38
1.94,0.45,4.49,7.07,191.43,0.37,3.35
0.52,1.67,4.98,7.16,86.45,0.13,3.0
2.07,0.56,3.33,7.37,70.8,1.53,4.73
1.16,1.29,4.25,5.02,219.15,0.85,4.31
2.81,1.39,2.31,5.19,12.1,1.25,6.84
0.41,1.03,2.22,5.91,28.43,1.46,5.35
1.02,0.61,2.61,7.56,2.04,1.36,4.64
0.34,0.43,3.69,5.26,45.88,0.94,4.27
2.77,0.07,3.73,4.7,20.7,0.78,5.56
2.63,0.61,2.26,9.82,298.74,0.75,3.92
0.77,1.31,1.53,4.13,86.64,1.28,6.55
1.98,1.88,3.53,8.82,44.78,0.99,4.21
2.45,1.74,1.51,8.73,72.3,1.7,5.88
1.67,1.53,3.31,5.78,280.84,1.75,0.74
1.59,1.58,3.77,4.81,156.05,0.34,4.91
0.73,1.33,3.8,4.87,109.45,0.27,4.43
0.28,0.52,4.01,8.18,262.02,1.26,3.0
2.69,1.81,4.49,7.86,118.5,0.6,4.05
2.7,1.34,3.0,8.7,100.5,0.04,5.01
1.9,1.12,3.92,9.62,62.18,1.78,3.67
1.02,0.22,3.48,8.15,113.34,0.45,3.18
1.05,0.89,1.75,4.94,95.01,1.86,7.56
2.18,0.92,1.1,5.46,203.19,1.43,6.69
2.69,1.73,2.14,9.05,86.87,1.53,5.4
2.66,1.09,2.77,5.26,173.16,0.4,5.7
2.34,0.76,3.47,4.44,19.77,0.47,5.69
1.93,1.95,4.4,8.22,57.39,1.04,3.92
0.25,0.22,1.78,6.42,122.22,0.34,4.45
0.48,0.85,1.5,9.52,281.08,0.61,3.47
2.7,0.08,4.85,7.9,113.18,0.64,3.33
1.82,1.48,1.43,4.54,199.22,0.32,6.41
0.03,1.84,2.91,9.69,76.53,0.41,3.0
0.3,0.56,3.34,5.55,38.11,1.58,4.65
1.99,1.72,3.17,6.02,17.56,0.33,5.3
0.02,0.58,1.34,6.41,91.62,0.06,4.66
0.48,1.82,1.23,4.31,47.3,1.26,6.73
1.65,1.51,1.42,6.98,52.2,1.95,6.31
2.08,1.61,3.34,4.74,228.23,0.66,5.43
1.96,0.04,3.18,6.41,4.75,0.24,17.87
0.67,1.93,1.93,6.1,167.34,1.14,15.57
2.14,1.45,3.55,8.64,113.84,1.81,4.42
0.71,0.61,4.28,8.82,151.96,1.57,3.0
0.98,1.66,1.17,4.92,168.85,1.25,6.48
2.24,0.56,2.99,6.2,94.01,0.63,5.08
1.95,1.75,3.76,6.24,88.53,1.08,5.0
2.55,0.23,2.01,4.91,220.02,0.18,5.81
1.97,1.41,2.23,8.79,261.38,1.36,4.58
1.7,1.08,3.45,8.24,57.77,1.45,4.27
0.28,0.19,4.59,5.14,29.29,1.93,4.1
1.1,0.48,4.24,6.2,269.34,0.52,3.34
0.8,0.02,3.33,4.63,104.97,0.04,4.36
0.73,0.94,3.92,7.77,165.4,1.09,3.29
2.92,0.6,2.46,4.73,107.86,1.41,6.62
1.18,1.2,3.56,9.92,37.74,1.58,3.4
2.68,0.59,2.86,8.68,176.8,0.39,4.13
1.89,0.6,1.76,6.34,157.54,0.52,5.43
2.38,1.49,3.81,7.47,60.9,1.03,4.65
1.51,0.1,3.23,9.47,135.56,0.66,3.05
1.73,1.81,2.43,7.32,239.08,1.72,5.23
1.48,1.7,4.65,5.05,177.13,0.95,4.47
0.59,1.34,1.08,6.27,29.08,1.6,6.12
2.17,1.19,2.26,9.06,164.41,1.16,4.6
0.84,1.78,1.23,7.87,210.82,1.55,5.27
0.07,0.37,4.07,7.9,237.81,0.67,3.0
1.94,0.16,3.81,9.2,188.74,1.66,3.34
0.53,0.48,2.33,9.36,45.8,0.55,3.4
2.82,1.59,3.7,9.52,213.05,1.09,3.87
2.86,0.07,2.58,4.57,203.2,0.43,5.84
2.74,1.17,4.03,7.26,7.33,0.95,4.76
1.11,1.99,2.82,8.44,123.52,0.64,4.09
0.05,1.71,2.65,8.54,99.89,0.53,3.54
2.78,1.04,4.74,7.64,200.82,1.93,4.17
1.28,0.13,2.0,5.0,64.84,0.32,5.48
2.9,1.66,1.48,8.78,177.26,1.57,5.82
2.89,1.2,3.34,8.32,273.96,1.97,4.71
2.56,0.23,4.88,4.52,239.34,0.04,4.15
0.88,0.19,2.51,6.78,276.44,1.4,4.29
1.16,1.82,1.25,5.04,293.55,0.51,15.69
2.55,1.34,2.36,6.02,3.2,0.08,0.54
0.95,1.66,3.02,4.11,186.82,0.81,5.47
0.51,1.76,1.65,6.4,123.85,1.87,19.81
1.67,1.14,3.63,7.3,257.96,0.02,3.57
2.81,1.03,4.99,7.72,75.54,1.18,3.95
2.09,0.86,2.81,7.98,294.31,1.0,4.24
1.71,0.63,2.42,9.02,184.11,1.75,4.32
0.29,0.87,2.6,5.29,238.06,0.17,4.32
1.85,1.55,1.46,4.72,25.68,1.36,7.12
2.97,1.2,4.53,9.11,55.04,1.36,3.92
0.42,1.79,2.66,4.94,227.52,1.34,5.26
1.55,0.89,2.55,9.85,6.6,1.88,4.31
2.63,1.21,3.64,9.06,245.06,1.65,4.04
2.22,1.26,2.77,7.01,4.18,0.08,5.05
2.09,1.18,3.59,9.89,197.14,0.94,3.27
2.11,1.41,1.25,4.58,109.53,0.8,7.0
1.08,0.47,4.25,5.82,183.45,0.62,3.68
0.88,1.02,4.76,7.83,208.81,0.9,3.0
2.43,0.21,3.6,6.1,102.74,0.77,4.78
2.43,0.77,4.82,9.57,32.39,0.86,3.01
2.6,0.98,1.61,4.39,20.89,1.96,7.61
2.74,1.3,2.91,7.3,176.68,0.18,4.81
1.53,1.9,3.41,7.55,156.2,1.84,4.69
1.5,1.2,3.33,7.92,222.66,0.96,3.88
2.39,1.49,2.61,5.53,152.92,1.25,6.06
1.95,1.01,2.35,6.19,126.73,1.66,5.8
2.11,1.27,1.51,9.06,119.43,0.72,4.96
2.39,0.14,2.57,5.17,7.93,0.86,5.96
2.67,0.51,1.65,8.96,100.67,0.82,13.8
1.01,0.72,3.94,7.38,292.81,0.75,3.12
1.13,0.94,1.84,8.57,262.07,1.85,4.53
0.28,0.09,1.23,8.28,98.81,1.66,9.19
1.73,0.28,3.21,5.25,176.34,0.22,4.66
0.11,0.55,3.38,7.41,254.19,0.22,3.0
1.4,1.94,4.49,9.21,132.38,0.86,3.0
1.63,0.66,3.31,6.59,5.39,0.2,4.46
0.86,0.96,2.38,9.8,22.35,1.24,3.82
1.77,0.39,4.21,6.71,153.12,0.29,6.9
0.09,1.22,3.16,4.86,290.83,1.04,4.41
0.11,0.56,1.32,6.34,207.96,0.01,4.48
2.47,0.41,3.26,9.71,21.27,0.63,3.73
1.08,1.03,4.63,5.92,56.81,1.35,4.13
0.38,0.01,2.59,9.21,231.4,0.97,1.1
1.57,0.02,2.19,9.29,252.43,1.96,10.97
2.31,0.44,1.57,6.1,185.31,1.75,6.23
0.65,0.07,1.61,4.5,193.33,0.72,5.48
1.87,0.22,2.73,8.35,8.5,0.09,4.04
0.26,0.68,3.38,5.87,248.56,1.69,4.14
0.16,1.61,1.32,8.7,236.48,1.82,4.55
1.59,1.14,4.76,6.66,77.71,1.64,2.24
1.62,1.03,4.02,6.91,212.6,0.26,3.62
1.91,0.59,3.35,8.67,64.46,2.0,4.33
2.18,1.86,4.31,6.29,12.1,0.52,4.73
2.93,0.79,1.32,6.66,60.34,1.45,6.71
1.55,0.17,2.91,6.26,53.59,1.82,5.2
0.97,1.23,3.52,6.2,101.32,0.47,4.25
2.39,0.23,4.31,7.16,125.53,1.82,4.29
0.81,0.69,4.13,8.85,152.56,0.62,3.0
1.32,1.01,2.11,6.17,143.03,1.95,5.72
0.24,1.75,4.76,7.15,81.2,0.56,3.0
0.08,0.99,1.5,8.02,8.75,1.91,4.98
2.89,1.4,4.5,5.62,181.53,0.11,4.6
2.51,1.99,4.88,5.67,118.72,1.42,4.99
2.09,0.26,1.71,9.6,89.6,1.06,6.68
1.23,0.55,3.89,8.34,260.08,0.96,3.0
0.52,0.79,1.16,7.46,224.02,0.45,4.55
0.47,0.84,2.62,7.89,257.33,1.41,3.81
0.75,0.82,3.07,4.18,148.49,0.38,4.96
1.65,1.82,3.32,7.71,39.28,1.11,4.66
2.14,1.43,4.74,7.06,208.87,0.51,3.62
1.98,1.22,3.69,7.27,61.82,1.91,4.87
0.84,0.62,2.93,6.16,132.37,0.06,4.14
2.86,1.65,4.24,4.49,19.5,0.4,5.71
2.21,1.91,4.8,5.16,247.59,0.48,4.43
1.66,1.64,1.09,9.7,37.78,0.83,5.04
1.84,0.0,4.93,6.45,270.93,0.47,3.03
1.26,1.27,1.34,6.8,259.27,0.98,5.36
0.74,0.1,4.26,4.32,139.37,1.74,4.53
1.07,0.52,2.12,4.23,223.31,1.42,5.85
2.27,0.12,1.53,8.3,185.83,1.16,5.03
0.04,1.21,2.76,7.23,240.92,0.18,11.92
0.35,1.37,3.58,7.05,129.54,1.39,3.91
0.14,0.23,2.52,5.46,235.74,0.33,4.1
0.12,0.77,1.22,8.47,138.74,1.57,4.52
2.57,0.91,3.4,5.01,282.29,0.5,5.15
2.11,0.74,4.61,5.14,145.91,0.83,4.5
1.42,0.24,2.53,6.76,138.79,0.7,4.56
0.29,0.84,1.87,5.72,235.52,1.72,5.2
1.47,1.5,2.77,5.48,246.47,0.25,4.94
1.42,0.14,1.19,7.87,166.35,1.13,5.01
0.52,0.16,4.28,7.91,53.94,0.28,3.0
1.3,0.71,4.31,8.95,140.33,1.41,3.0
1.2,1.88,3.35,6.51,290.42,1.81,4.69
1.85,1.34,2.41,4.44,225.9,0.87,6.0
1.91,1.36,4.2,5.64,243.35,0.98,4.49
0.14,0.72,3.22,9.88,9.85,1.85,3.12
1.12,1.19,4.3,7.58,140.36,1.04,3.44
1.88,0.02,3.53,8.26,193.99,0.98,3.53
1.51,1.27,4.14,4.04,249.01,1.16,16.63
2.57,1.83,3.39,7.11,14.78,1.38,5.48
1.98,1.23,2.66,4.23,255.73,0.21,5.64
0.49,1.75,4.83,7.42,164.52,1.64,3.23
0.21,1.45,3.16,9.52,59.19,0.87,3.07
1.93,0.24,3.42,9.81,95.18,0.14,3.0
0.08,1.8,1.88,7.24,84.58,1.57,5.01
1.76,0.13,3.5,6.75,159.26,0.75,4.1
2.82,1.07,3.29,9.67,15.51,0.2,3.94
1.73,0.28,1.74,8.04,47.56,1.27,5.1
1.16,0.02,1.24,4.39,243.81,1.76,6.3
1.93,0.84,3.42,6.79,39.78,1.78,5.08
1.37,0.59,4.05,5.44,70.02,1.92,4.88
1.64,0.97,3.09,6.82,136.01,1.74,4.95
2.82,1.15,1.91,6.73,155.14,0.0,5.61
1.16,0.09,3.67,7.49,229.08,0.76,3.25
2.88,0.25,1.32,6.14,134.2,1.64,6.65
2.72,1.12,2.77,4.99,236.96,0.73,5.86
0.59,0.69,1.65,7.02,185.5,1.2,4.81
0.21,1.46,1.74,8.98,33.93,1.21,4.32
0.3,1.3,1.81,7.98,46.9,0.73,4.46
0.05,1.69,2.55,6.03,131.11,1.81,5.05
0.28,1.38,1.2,9.61,119.07,1.01,4.16
2.05,0.86,2.59,9.47,223.06,0.93,3.87
0.21,1.35,3.05,5.26,174.22,2.0,5.03
0.96,0.55,2.93,4.24,116.44,0.99,5.35
2.53,0.61,2.53,8.45,51.23,0.36,4.59
0.07,1.58,4.36,8.97,68.05,1.03,3.0
2.44,0.89,1.58,9.81,172.65,1.63,4.92
0.85,1.6,3.02,9.34,127.03,1.55,3.72
0.35,1.64,1.25,7.6,154.48,1.58,5.2
2.09,1.72,1.28,7.18,51.2,1.42,6.39
1.89,1.83,3.3,4.17,198.87,0.51,5.65
2.63,0.86,3.26,5.48,255.76,1.72,5.6
2.21,0.64,4.51,6.76,77.38,1.79,4.45
2.41,1.16,3.23,7.77,147.45,0.39,4.37
0.85,0.74,4.84,7.34,292.66,0.26,3.0
0.53,1.2,1.19,8.46,99.97,1.95,5.11
2.25,1.41,1.39,5.68,178.51,1.74,6.78
2.42,1.38,1.18,7.39,27.06,1.79,6.62
2.97,0.75,1.74,4.53,181.8,1.77,7.2
1.24,0.33,3.17,6.48,26.89,1.08,4.6
1.12,0.86,3.58,8.5,287.77,1.29,3.21
2.33,0.29,1.18,8.16,214.7,1.09,5.29
1.02,1.78,4.78,9.94,236.45,0.1,3.0
2.79,0.69,4.37,5.67,211.23,1.49,4.89
2.58,0.31,2.19,6.99,176.92,1.01,5.32
1.29,0.05,1.31,5.98,134.97,1.3,5.73
2.25,1.29,1.68,6.64,257.51,1.01,5.74
2.26,1.27,1.51,9.14,287.05,0.98,4.77
0.31,0.68,1.49,8.11,149.71,0.34,4.06
2.71,0.14,3.07,9.29,279.46,0.56,3.5
1.52,0.82,1.98,5.22,175.0,0.32,5.51
2.48,0.62,2.43,9.24,161.52,0.39,4.1
0.96,1.35,4.96,4.36,136.34,1.95,4.67
2.69,1.21,3.74,9.33,62.79,0.31,3.73
1.17,0.73,4.8,5.97,1.12,0.54,3.75
0.03,0.44,1.57,5.89,72.45,1.18,5.18
2.72,1.98,2.53,7.07,152.92,1.22,5.79
0.27,0.91,3.22,9.64,113.99,0.31,3.0
0.96,1.38,1.31,4.29,134.55,1.59,6.76
2.85,0.28,1.02,6.11,294.19,1.57,6.49
2.85,0.97,3.68,9.14,105.08,0.47,3.83
1.72,0.06,3.57,6.38,135.65,0.58,4.14
1.9,1.01,2.64,5.19,40.05,1.88,6.26
1.35,1.93,2.96,6.55,14.39,1.65,5.49
0.88,0.77,2.66,6.31,232.62,1.4,4.65
0.99,0.08,1.1,9.49,171.2,0.16,3.78
2.02,0.06,2.34,8.57,228.21,0.84,4.08
2.26,0.78,1.71,7.03,44.96,1.12,12.33
2.37,0.32,1.39,9.93,171.55,0.37,4.28
2.37,0.05,4.83,6.79,76.09,0.9,3.79
0.27,1.51,3.4,4.35,68.42,1.2,5.15
1.48,0.92,3.91,5.57,3.46,0.65,4.7
0.17,0.58,2.26,6.62,39.1,1.56,4.8
1.65,1.8,2.57,4.94,92.78,1.68,6.33
1.32,0.23,1.95,9.69,35.06,0.65,3.87
2.66,1.91,1.39,8.6,295.76,1.68,5.71
1.05,0.63,1.72,5.61,92.59,0.21,5.34
0.35,1.78,4.19,7.54,39.1,1.68,3.77
0.43,1.21,3.71,8.33,59.72,0.31,3.02
2.28,1.65,3.19,9.65,176.31,0.17,3.58
1.85,1.97,2.9,9.29,19.21,1.28,4.53
0.3,0.58,4.69,7.09,258.73,0.94,3.0
0.25,1.92,1.29,8.65,288.45,1.82,4.62
2.1,0.78,2.12,7.37,74.02,0.73,5.21
0.22,0.77,2.4,7.32,135.03,0.57,3.93
2.47,0.68,4.13,4.69,6.64,1.0,5.47
2.12,1.08,4.97,4.76,192.21,0.91,4.48
0.24,0.31,1.96,7.18,124.18,0.69,4.19
0.25,1.11,4.5,5.61,81.02,1.39,3.91
2.96,1.08,4.32,4.13,62.05,1.52,6.04
1.12,1.52,1.9,8.34,196.21,1.71,4.54
1.11,1.67,2.6,4.19,124.87,1.95,6.35
2.44,0.88,2.64,7.57,53.9,0.53,19.19
2.84,0.6,4.91,7.24,206.73,1.43,3.92
2.96,0.52,1.72,9.81,169.52,0.79,4.66
2.26,0.39,4.2,6.91,257.6,1.35,3.99
1.13,0.12,2.34,4.38,35.24,0.95,5.75
0.25,0.68,3.92,7.31,235.7,1.99,3.38
2.33,0.54,2.68,9.05,202.06,1.46,4.28
1.68,1.93,3.31,9.98,34.5,1.9,4.13
1.27,1.12,4.33,6.58,208.45,1.67,3.99
2.72,0.69,4.22,5.92,132.46,1.81,5.13
0.33,1.16,4.47,9.44,283.5,1.63,3.0
1.48,0.28,1.24,5.15,42.48,0.92,6.3
0.03,0.89,3.77,7.69,192.85,0.5,3.0
1.41,1.25,1.56,6.43,114.59,0.74,5.64
0.17,0.98,2.66,4.25,287.04,0.04,4.52
0.36,0.8,3.19,6.08,98.99,1.05,4.3
0.35,1.99,2.61,5.59,288.66,1.01,4.8
1.95,1.76,3.08,8.12,270.45,1.05,4.29
2.24,1.25,4.99,9.69,81.11,1.95,3.24
1.75,1.14,1.54,5.61,241.06,1.82,3.48
2.89,1.24,3.7,8.87,298.68,0.32,3.58
1.12,0.4,2.58,4.33,75.8,0.74,5.54
0.86,0.79,1.53,7.23,131.03,0.85,4.93
2.61,0.08,1.63,4.42,156.05,0.72,6.56
0.67,0.95,4.8,9.6,88.48,1.6,3.0
2.89,1.09,4.52,8.6,4.58,1.05,4.03
0.04,0.46,4.63,7.95,66.04,1.14,3.0
2.91,1.93,4.97,8.94,84.58,1.71,3.99
0.13,1.82,1.83,7.89,133.08,1.61,4.73
2.67,1.44,2.42,9.81,51.33,0.26,4.39
1.58,1.07,3.68,8.28,261.98,1.43,3.64
2.98,1.74,2.94,9.55,211.47,0.87,4.35
0.22,0.26,2.67,7.1,25.56,0.59,3.93
1.66,1.58,2.43,4.7,195.03,0.1,5.62
2.91,0.25,3.38,7.17,196.1,0.97,4.63
1.57,1.59,3.3,4.76,286.87,0.71,5.09
1.89,0.55,1.65,7.55,0.91,0.5,5.3
2.09,1.75,2.89,6.89,74.38,1.39,5.49
1.36,1.89,3.21,7.74,278.34,1.54,4.28
1.88,0.3,3.28,4.06,279.64,0.49,5.07
1.75,0.93,1.84,5.17,216.18,0.1,5.59
2.7,1.96,3.97,6.95,229.73,1.7,5.0
0.14,0.97,1.1,9.7,27.44,0.02,3.77
0.84,1.73,2.42,6.3,154.16,1.87,5.41
2.85,1.18,4.12,6.55,69.47,1.26,5.05
2.67,0.75,3.26,8.29,54.37,0.64,4.44
1.37,0.57,2.04,7.62,243.09,0.49,4.29
1.86,0.41,3.78,5.79,40.51,0.02,4.4
0.83,1.52,3.27,6.46,140.6,0.47,4.23
0.56,0.77,4.18,5.31,281.57,0.28,3.43
1.39,1.02,3.94,9.8,55.75,1.22,3.09
1.06,0.98,3.44,4.78,293.4,0.33,4.39
1.75,1.15,2.95,6.23,298.29,1.06,4.79
0.23,1.73,1.53,4.16,166.69,1.18,6.19
2.92,1.96,2.05,5.33,51.04,0.6,6.82
2.96,0.82,2.68,8.68,94.83,0.07,4.48
2.09,1.66,3.4,5.21,127.35,0.07,5.19
1.61,1.53,3.05,4.48,92.8,0.05,5.48
0.93,1.15,2.15,6.85,84.19,1.48,5.2
2.44,1.91,1.03,4.06,291.67,0.64,7.22
2.05,0.4,2.98,4.51,46.01,1.59,6.1
0.49,0.22,2.14,8.85,220.0,0.86,3.39
2.73,1.71,3.94,8.63,0.12,0.91,4.43
2.47,0.88,1.1,9.49,178.85,1.03,5.1
2.85,1.69,3.34,9.13,274.78,1.43,4.3
2.18,1.79,4.77,8.1,86.38,0.55,3.57
1.84,0.12,1.7,4.31,55.66,0.24,6.2
1.25,1.77,2.89,8.7,195.5,1.11,4.0
2.8,0.9,1.37,9.07,213.78,0.65,5.05
2.6,1.02,3.5,8.79,206.41,0.88,3.93
0.14,1.25,3.2,7.05,95.8,1.29,4.03
0.08,1.85,2.63,5.4,75.66,0.99,5.1
1.13,0.04,3.09,9.07,286.78,1.24,2.16
2.43,0.95,4.59,8.36,276.99,1.09,3.28
2.96,1.38,1.79,9.88,137.19,1.48,5.19
0.45,1.45,1.09,4.93,253.86,1.41,6.09
1.78,1.39,4.45,5.35,135.7,1.07,4.65
1.14,0.27,3.31,5.27,127.32,1.36,4.85
2.91,0.6,4.56,8.76,47.03,1.75,4.0
2.53,0.72,3.39,5.12,127.92,0.86,5.49
2.51,1.61,4.24,4.4,161.23,0.83,5.44
1.41,0.56,2.72,9.99,6.75,1.53,3.84
1.24,0.42,4.0,4.15,133.23,1.17,4.89
0.82,1.91,4.65,9.01,234.41,0.14,3.0
0.17,0.02,3.29,6.19,204.01,1.78,3.94
2.59,2.0,1.72,9.05,190.55,0.06,4.89
2.44,1.35,2.08,7.33,272.87,1.5,5.5
3.0,1.66,1.79,9.41,5.41,1.52,5.76
2.99,0.59,1.99,9.56,167.11,1.91,5.08
1.67,0.03,2.23,4.05,236.2,0.11,5.46
2.31,1.48,3.22,4.45,162.4,1.19,6.04
2.83,1.67,3.35,5.5,97.17,0.86,5.86
2.55,1.48,2.71,8.02,40.88,0.66,5.07
0.74,0.29,3.46,9.33,266.27,0.18,3.0
1.35,1.51,1.33,6.76,141.23,1.13,5.8
0.39,1.54,1.35,7.64,263.43,0.96,4.65
2.86,1.32,1.69,5.13,175.76,0.21,6.49
1.82,1.53,3.07,8.83,202.26,1.22,4.08
0.69,1.69,1.86,9.8,241.28,1.48,3.93
2.02,1.23,2.13,5.61,197.75,1.53,6.07
1.85,0.18,2.6,6.97,119.42,1.81,18.35
1.07,0.98,4.25,4.52,154.09,0.82,4.49
0.34,0.16,1.06,7.35,240.91,1.91,4.92
2.01,0.82,3.6,7.02,112.1,1.73,4.75
1.56,0.81,3.68,4.87,116.44,0.59,4.87
2.32,0.13,4.19,6.65,28.71,0.32,4.1
1.56,0.7,4.73,6.0,274.38,0.87,3.55
2.56,0.22,1.08,7.13,27.31,0.8,6.11
1.66,1.62,1.62,7.51,194.46,1.15,5.41
1.68,1.9,4.54,4.05,123.96,1.17,5.29
2.63,0.14,2.83,8.57,121.69,1.5,4.59
1.21,1.91,3.26,8.28,203.87,1.02,3.91
0.4,1.05,3.65,6.2,20.13,0.21,3.89
0.09,0.6,3.72,4.32,178.11,1.72,4.6
2.27,0.15,4.73,8.53,231.61,0.62,3.0
1.86,1.0,4.99,9.73,248.46,1.94,3.0
2.11,1.59,3.88,5.44,51.16,0.24,5.02
0.64,1.41,2.15,5.94,269.23,1.92,5.31
0.41,0.1,4.52,5.1,196.84,0.18,3.16
0.04,0.15,1.2,7.46,264.56,0.46,4.02
1.05,0.81,1.92,4.93,145.58,0.09,5.39
1.77,0.59,4.59,6.14,162.61,1.41,4.09
1.18,0.46,2.02,8.18,275.71,1.7,4.37
1.31,0.56,1.88,7.36,269.97,0.87,4.56
2.71,1.61,1.55,6.32,134.45,1.86,6.86
1.04,1.86,4.44,6.52,82.32,1.18,4.11
1.54,0.81,3.0,7.37,117.95,1.26,4.53
2.35,1.81,3.7,4.04,116.33,1.69,6.33
1.19,0.64,1.96,4.47,86.06,0.59,5.89
1.87,0.95,4.03,9.29,80.57,0.71,3.21
2.59,0.45,4.04,4.47,258.32,1.81,5.43
2.85,1.28,2.25,8.24,20.96,1.8,5.84
0.44,1.96,2.64,9.52,203.28,1.95,3.79
2.78,1.21,1.84,5.62,51.85,1.8,7.02
1.48,0.72,4.91,6.22,103.35,0.25,3.42
0.77,1.3,3.58,7.41,18.46,1.65,4.29
1.38,0.25,4.74,9.29,80.99,0.82,3.0
2.94,1.78,2.21,9.65,230.53,1.98,5.15
1.48,1.01,4.13,8.44,265.5,0.94,3.03
0.99,0.9,4.06,4.52,66.46,1.11,4.83
1.9,1.17,3.77,8.01,139.06,1.06,3.98
0.72,1.25,4.86,6.46,141.1,0.64,3.21
0.23,0.14,2.57,6.82,262.07,0.15,3.42
0.39,1.37,1.52,4.29,228.84,1.79,6.24
0.38,0.48,3.69,5.15,153.92,1.61,4.4
0.46,1.43,3.92,8.74,201.22,0.28,3.0
0.42,1.65,3.3,6.72,254.21,1.55,4.15
1.92,1.61,1.83,5.81,2.86,1.25,4.7
0.55,1.11,3.02,6.3,120.87,0.82,4.36
1.04,1.04,2.25,9.13,272.17,0.51,3.49
2.69,0.29,2.71,8.49,222.09,1.72,4.65
1.42,1.55,3.58,5.63,162.85,1.4,5.01
2.0,0.54,3.98,4.71,158.89,1.1,5.01
0.52,0.99,1.93,5.51,104.33,1.22,5.47
0.58,0.57,2.62,9.52,156.16,0.18,3.0
0.12,0.27,2.08,7.49,196.61,0.95,3.88
0.51,1.26,1.79,7.2,125.51,0.39,4.58
0.84,0.11,4.13,7.58,214.25,0.42,3.0
0.53,1.5,4.64,6.2,258.37,1.32,3.46
0.27,0.64,2.48,8.84,46.41,1.82,3.94
0.36,0.0,4.01,7.14,135.46,0.81,3.0
1.38,1.02,4.59,4.7,122.41,0.42,4.29
0.62,0.09,4.38,4.77,206.24,1.3,3.91
1.09,0.55,1.73,7.22,74.96,1.74,5.33
1.51,1.41,4.83,9.62,192.08,1.5,3.0
2.07,0.13,2.51,5.85,263.25,1.74,5.4
0.12,1.68,2.36,9.22,125.44,1.07,3.64
2.4,0.01,1.25,8.58,273.3,1.5,5.07
1.88,0.49,2.94,5.49,297.95,0.28,4.64
0.25,1.48,1.44,4.22,31.83,0.7,6.23
2.62,0.63,1.99,4.61,69.92,0.78,6.63
2.76,0.2,2.27,8.37,285.11,1.02,4.57
0.18,0.72,4.24,5.2,287.5,1.86,3.85
0.83,0.54,4.5,6.23,29.31,1.75,4.03
2.42,1.69,2.21,7.01,4.5,0.27,5.69
2.24,0.63,4.43,8.35,48.33,0.35,3.35
0.55,1.58,4.43,4.68,298.8,0.72,3.91
0.63,1.78,4.06,6.44,54.0,0.58,3.96
1.11,0.87,1.59,6.91,150.76,1.23,5.29
1.45,1.82,3.76,7.24,254.53,1.81,4.33
1.85,0.75,4.78,8.91,6.12,1.92,3.47
1.11,1.93,3.73,5.03,181.35,1.31,5.05
1.39,0.18,2.33,8.85,83.11,1.68,4.32
2.24,1.37,3.0,8.16,258.7,1.05,4.37
0.11,0.99,3.58,7.34,85.04,0.42,3.27
0.76,0.78,3.04,8.2,206.03,1.05,3.52
2.14,1.27,1.48,6.47,202.27,1.11,6.01
2.69,1.41,2.25,4.83,66.45,1.48,6.95
1.54,0.01,4.21,7.99,10.44,0.44,3.21
1.6,0.33,4.45,7.15,122.77,0.74,3.42
0.32,1.43,1.55,7.84,86.76,0.73,4.64
1.34,1.33,4.81,6.03,242.69,1.92,4.05
1.6,1.93,2.32,9.44,240.11,0.89,4.09
0.73,1.52,3.65,7.52,137.11,1.51,3.95
0.81,1.9,4.01,4.51,181.95,1.5,5.0
1.13,1.41,4.25,6.7,181.28,0.53,3.61
0.06,0.6,4.78,8.54,248.15,1.14,3.0
0.97,0.21,2.25,8.76,127.5,1.79,4.16
0.63,1.56,4.43,6.97,82.63,0.95,3.55
0.98,1.29,1.53,9.37,79.51,1.89,17.4
0.36,0.1,3.82,5.61,160.86,0.43,3.52
2.67,0.72,3.97,6.46,134.74,0.15,4.38
1.78,1.91,3.71,9.39,132.04,1.78,3.93
2.04,1.0,2.01,9.38,27.34,1.7,4.99
2.37,0.87,4.49,8.11,215.58,1.99,3.87
1.5,0.92,1.68,9.15,64.12,1.36,4.77
0.26,0.42,1.21,4.53,59.09,1.87,6.35
1.61,0.74,3.87,9.19,123.83,1.65,3.44
1.76,0.74,2.9,5.92,68.33,1.69,5.53
2.24,0.1,4.4,5.07,175.16,1.14,4.59
1.29,1.54,2.53,5.44,111.44,0.76,5.49
0.38,0.83,1.67,6.51,134.67,1.87,5.31
0.85,1.64,4.35,5.51,161.15,0.86,4.12
1.09,1.7,3.2,5.92,61.06,1.08,5.08
1.94,0.42,1.76,4.81,46.73,0.89,6.38
1.71,1.31,3.88,5.78,264.13,1.13,4.53
1.07,0.94,3.04,7.43,130.12,0.94,4.14
2.96,1.76,3.42,6.65,123.63,0.1,5.09
1.82,0.43,2.84,6.08,10.68,1.76,5.59
0.71,1.36,4.31,8.48,149.39,0.89,3.0
0.31,1.22,4.32,9.36,166.25,1.18,3.0
0.46,0.59,3.84,8.54,167.65,0.28,3.0
0.74,0.27,1.42,5.99,212.11,0.01,4.78
0.48,1.3,4.36,8.47,53.24,0.49,3.0
0.56,1.48,3.68,4.91,75.67,1.41,4.96
0.86,0.63,3.79,4.78,243.22,0.2,4.03
0.52,1.29,2.45,6.07,284.15,1.82,4.91
2.69,0.79,4.52,8.85,40.78,0.43,3.68
0.24,1.43,3.9,5.48,149.29,0.41,3.88
1.57,0.4,1.45,4.38,64.25,0.36,6.3
1.23,1.78,2.63,4.79,18.02,0.03,5.63
2.95,0.57,4.55,9.15,97.65,1.54,3.68
0.34,0.74,1.19,7.8,43.11,1.75,5.17
1.19,0.12,4.85,5.52,212.98,1.23,3.58
2.91,0.22,3.72,7.33,160.12,0.38,4.19
2.6,1.03,3.53,7.17,43.15,0.57,4.76
2.45,0.54,2.08,7.93,2.77,0.95,5.34
0.77,1.67,2.0,5.4,242.45,1.91,5.81
0.51,0.03,4.77,9.19,52.86,0.49,3.0
2.01,0.76,2.19,5.86,181.86,1.46,5.8
2.79,0.67,4.1,8.16,101.08,0.88,4.02
1.67,0.04,2.57,4.1,175.65,0.6,5.55
1.71,0.25,1.56,6.24,94.7,0.91,5.67
0.84,0.83,1.04,6.11,26.08,0.14,1.28
2.31,0.99,3.18,7.26,66.89,1.6,5.15
0.56,0.81,4.9,4.44,56.42,0.49,3.89
0.97,1.06,2.48,8.74,128.41,1.45,4.14
1.28,1.19,2.43,5.31,197.49,0.14,5.08
1.52,0.02,2.38,8.06,79.14,1.91,4.72
0.73,0.93,3.08,8.82,3.62,0.39,3.42
0.34,1.93,2.76,7.37,155.68,1.77,4.54
1.83,1.04,4.52,8.45,181.73,1.62,3.42
0.87,1.36,3.02,7.97,288.86,1.94,4.04
1.74,0.62,3.03,6.13,176.84,0.96,4.82
0.46,1.55,1.55,8.85,141.35,1.45,4.52
1.44,1.55,4.93,5.77,172.02,0.74,3.87
1.6,1.04,2.0,7.43,278.37,0.37,4.53
0.16,1.95,1.29,8.47,248.51,0.89,4.36
1.01,0.25,3.65,6.27,96.89,0.33,3.82
0.4,0.03,3.38,5.82,71.18,1.96,4.49
0.19,1.54,2.66,6.76,78.79,0.19,4.18
2.97,1.61,2.69,8.91,151.33,1.18,4.96
0.97,0.24,4.14,9.58,223.21,1.25,3.0
2.43,0.53,1.78,7.27,150.97,1.08,5.53
0.76,0.04,4.28,7.97,20.34,1.32,3.12
2.04,0.59,3.59,9.42,217.07,0.23,3.0
2.28,1.55,2.68,4.59,241.79,1.11,6.12
1.79,1.04,2.83,5.39,86.85,0.57,5.41
1.41,0.7,2.03,8.25,199.24,1.88,4.75
1.24,0.74,4.01,8.94,127.98,1.52,3.21
1.05,0.0,3.05,9.14,266.74,1.95,3.29
2.79,0.6,2.28,6.49,253.57,0.08,0.15
2.49,1.29,3.38,4.54,157.63,0.57,5.7
2.9,1.95,4.98,6.63,207.45,0.39,4.14
0.37,1.69,2.74,5.38,265.0,0.02,4.37
2.19,0.05,4.68,5.75,148.72,0.48,3.9
2.82,1.8,2.38,8.63,93.98,1.36,5.43
0.54,1.57,1.22,4.45,226.1,0.46,5.96
0.2,1.56,1.82,8.97,66.02,1.02,4.16
2.22,0.92,2.67,6.57,116.56,1.78,5.63
1.72,0.8,1.88,7.58,259.72,1.39,4.98
2.53,0.61,1.0,4.54,217.33,0.79,6.91
0.42,0.13,4.66,6.02,121.14,0.74,3.1
2.39,0.46,4.38,4.54,64.42,0.91,5.12
0.6,0.49,3.97,9.77,106.79,0.35,3.0
0.49,0.97,1.67,8.84,85.23,1.27,4.34
0.49,1.49,1.48,6.76,52.83,0.73,5.29
2.44,0.95,1.27,5.34,223.0,1.7,5.82
2.0,0.12,3.9,9.6,75.62,1.51,3.31
1.57,1.92,4.72,6.07,136.25,1.22,4.32
1.08,1.89,2.72,4.97,115.76,0.73,5.55
2.63,1.57,1.48,7.38,294.62,0.42,5.52
1.18,1.98,3.05,9.66,117.33,1.55,3.88
2.45,1.09,2.4,4.02,23.99,0.97,6.84
1.32,1.93,2.5,5.43,26.95,0.45,5.69
1.13,0.15,3.49,9.63,177.23,0.39,3.0
1.39,0.73,3.87,5.03,179.81,0.33,4.35
0.9,0.45,1.44,4.68,125.63,1.55,6.22
2.24,0.39,1.14,7.42,129.55,0.46,5.51
1.51,0.28,4.98,9.17,16.18,1.05,3.0
0.7,1.24,1.93,6.86,154.96,0.9,4.87
2.7,1.56,1.22,9.97,151.42,1.16,5.26
1.15,1.16,1.76,8.08,44.86,1.75,5.25
1.63,0.29,1.16,4.44,31.15,1.74,7.06
2.72,1.62,2.57,9.96,37.07,0.9,11.52
1.87,1.27,4.21,6.45,30.31,0.03,4.16
0.35,0.78,2.36,5.72,182.91,0.85,4.68
2.82,1.35,2.78,7.35,58.94,1.21,5.57
1.88,0.52,3.7,5.83,75.43,1.12,4.84
1.0,0.69,3.04,4.52,52.07,1.3,5.49
0.42,1.83,4.45,4.01,287.35,0.31,4.03
2.38,0.58,4.46,6.7,256.39,1.29,4.01
1.86,0.94,1.04,9.02,69.15,0.37,4.99
1.6,1.78,4.11,7.43,98.27,1.5,4.3
2.68,1.42,2.84,10.0,62.97,0.68,4.21
2.37,0.12,4.96,5.72,147.56,1.42,4.23
0.46,0.29,2.93,5.68,5.88,0.1,4.32
0.94,0.02,4.95,4.96,201.41,0.82,3.45
0.75,1.26,4.02,4.98,156.95,1.41,4.6
2.23,0.9,1.99,5.71,269.59,0.45,5.55
0.1,0.27,3.15,8.76,49.32,1.59,3.27
1.71,1.92,4.97,9.43,241.23,1.26,3.0
2.29,1.06,4.43,9.85,237.59,1.18,3.0
2.63,0.48,1.39,5.39,38.15,0.71,6.68
1.03,1.0,3.83,9.29,119.57,0.96,3.0
2.46,1.36,2.38,5.97,51.05,1.19,6.2
0.33,0.15,1.03,4.68,76.42,0.94,5.94
2.54,0.55,2.61,9.22,78.97,1.4,4.58
0.38,1.61,1.94,7.82,166.87,0.87,4.4
1.19,0.92,4.28,4.99,123.42,0.4,4.22
2.39,1.09,2.35,6.58,284.32,0.43,5.08
0.45,0.87,4.31,5.72,37.91,0.01,3.54
0.69,0.09,1.0,8.42,292.11,0.6,4.06
2.17,0.33,2.23,6.72,69.19,1.5,5.62
2.16,0.89,1.96,9.94,231.86,1.59,4.37
1.92,0.42,1.93,4.33,101.69,0.4,6.15
2.08,0.1,1.27,6.13,42.92,1.92,6.54
1.63,1.69,1.75,6.89,257.37,1.0,5.4
0.76,1.96,3.22,7.02,92.66,1.83,4.77
1.04,1.59,2.17,5.9,197.66,1.41,5.5
0.54,1.71,2.67,8.38,169.93,1.44,4.07
2.73,0.48,2.51,9.25,141.53,0.17,4.09
1.75,1.92,4.5,9.63,148.75,0.44,3.0
1.2,0.39,4.62,8.83,219.67,0.02,3.0
1.39,1.9,2.97,9.1,26.33,1.43,4.36
2.84,1.99,2.32,7.3,200.45,0.69,5.58
0.46,1.42,1.43,8.96,268.74,1.57,4.3
1.76,1.96,4.81,5.82,17.34,0.68,4.49
1.52,1.14,1.24,6.39,42.2,1.64,6.37
1.83,0.52,2.19,5.9,214.99,0.26,5.07
0.05,0.87,2.19,6.8,131.18,0.35,4.13
2.62,1.19,2.28,5.71,121.06,0.68,6.04
2.8,0.15,1.66,9.77,41.09,0.82,4.79
1.7,1.24,4.13,5.88,152.03,0.7,4.37
2.09,1.96,1.49,4.59,37.96,1.53,7.44
2.77,0.38,3.54,7.16,142.99,0.19,4.3
2.12,1.59,1.5,4.34,229.08,0.7,6.72
0.46,1.82,1.28,4.66,77.48,1.67,6.66
1.73,1.89,4.64,5.32,144.24,0.13,4.28
1.82,1.92,1.76,6.79,297.6,1.88,5.87
1.27,1.04,4.29,6.6,206.0,1.97,4.11
2.21,1.95,3.18,8.8,252.41,0.18,3.83
2.8,1.51,1.31,8.44,124.45,0.58,5.67
2.78,0.32,4.82,6.56,230.36,0.74,3.81
1.35,0.95,1.99,6.0,12.15,1.55,5.96
0.34,1.44,4.44,5.9,36.87,1.19,3.98
2.95,0.49,1.68,8.64,60.92,1.29,5.55
2.52,1.28,4.42,4.31,120.59,1.52,5.63
0.37,1.33,1.05,4.08,253.72,0.24,5.91
2.76,0.33,3.05,8.77,103.88,1.67,4.6
2.61,1.13,4.08,6.86,196.39,1.41,4.62
1.56,1.54,4.74,4.79,212.79,1.15,4.52
1.77,1.0,4.64,5.41,175.85,1.78,4.6
1.2,0.02,4.28,9.6,107.17,1.4,3.0
0.16,0.02,4.55,9.16,173.12,0.4,3.0
1.01,0.71,1.8,8.26,102.68,0.86,4.47
2.41,1.85,2.14,6.89,25.16,0.99,6.07
0.01,0.46,2.16,7.12,297.84,0.11,3.45
1.0,1.27,2.51,9.85,38.15,1.91,4.12
1.19,0.44,2.57,9.79,21.7,0.26,3.33
1.61,0.64,3.18,5.29,263.56,1.39,5.0
2.76,1.7,1.64,8.87,90.55,1.01,5.58
1.04,1.46,3.76,5.18,195.09,0.05,4.26
1.04,0.19,1.67,5.28,98.7,1.85,6.01
2.21,0.86,2.24,8.06,117.44,1.7,3.65
1.36,0.06,3.01,6.43,78.63,1.05,4.58
0.67,0.96,4.19,9.59,102.91,0.46,3.0
1.36,1.32,3.96,4.53,123.21,0.24,4.74
0.42,0.24,3.58,7.07,216.12,0.73,3.17
0.53,0.58,1.62,9.51,153.46,0.51,13.16
1.5,0.8,3.19,9.42,283.07,1.01,3.15
1.26,1.84,1.35,4.94,12.56,1.93,7.14
2.74,1.99,2.51,6.2,150.92,1.15,6.14
1.09,0.09,2.65,7.71,175.27,1.78,4.26
1.74,1.52,1.16,4.96,276.06,1.3,6.61
1.9,0.74,2.1,9.81,14.75,0.95,4.34
0.04,0.78,4.82,9.49,172.05,1.71,3.0
1.99,1.51,4.81,5.0,256.09,0.94,4.43
0.53,1.84,2.41,4.73,72.58,1.74,6.03
2.88,1.9,1.17,4.51,262.89,0.58,7.21
0.45,1.15,1.72,9.46,5.71,0.26,3.85
1.24,0.71,2.57,5.16,219.74,1.71,5.47
0.26,1.58,4.79,6.5,279.93,1.17,3.04
2.99,0.5,1.56,6.69,197.16,1.78,6.35
1.51,1.13,4.05,7.59,131.71,1.88,4.12
1.79,0.72,1.43,4.43,13.46,0.11,6.5
0.2,1.31,4.93,5.36,276.03,1.0,3.24
2.25,0.48,2.53,9.59,141.09,0.75,3.93
0.63,0.38,4.1,9.45,8.7,1.25,3.0
2.69,1.84,2.37,8.69,206.95,1.59,5.22
0.62,0.2,3.51,4.12,144.55,0.56,4.55
0.57,1.01,1.77,5.96,37.3,1.11,5.51
0.11,0.44,1.58,7.77,64.28,1.42,4.57
1.42,0.08,4.75,5.65,19.35,0.27,3.69
1.69,0.07,4.67,9.46,172.29,1.63,3.0
0.2,0.35,4.55,7.8,186.61,1.21,3.0
2.33,1.73,3.5,4.43,151.72,1.9,6.27
1.36,0.56,4.23,9.45,245.13,0.68,3.0
1.57,1.9,1.28,9.75,258.3,0.22,4.26
1.32,1.16,2.34,4.47,184.69,1.01,5.85
1.2,0.87,2.25,7.19,3.83,0.17,4.7
1.68,1.16,3.54,5.82,208.57,1.94,5.09
0.47,1.03,2.42,6.36,125.4,0.08,4.33
0.55,1.52,1.59,5.08,169.67,1.51,6.01
2.59,0.56,3.39,7.47,194.72,1.05,4.47
2.84,0.71,4.26,9.75,105.07,0.74,3.26
1.12,1.79,2.53,7.02,275.13,0.13,4.27
0.81,1.89,1.53,4.5,40.19,1.24,6.67
1.93,1.79,1.79,7.72,201.45,1.17,5.41
1.23,0.84,1.95,6.04,1.31,0.56,5.5
0.08,1.56,2.2,9.14,277.4,1.82,3.71
0.47,0.95,3.57,6.61,33.75,0.61,3.91
2.15,1.0,3.4,5.16,28.47,0.9,5.57
1.98,0.41,3.78,5.15,99.9,1.09,5.02
0.08,1.18,2.45,8.61,112.07,0.2,3.34
0.67,0.37,4.3,5.59,64.29,1.86,4.25
0.69,0.66,1.82,8.6,175.54,0.75,3.96
2.02,1.71,2.88,5.24,132.87,0.16,5.5
0.06,0.41,4.2,5.93,10.25,0.77,3.55
0.31,0.14,1.72,6.79,95.9,1.2,4.74
2.4,0.14,1.44,9.66,243.13,1.03,4.44
0.54,1.88,4.53,9.59,206.91,1.39,3.0
1.96,1.01,2.37,5.24,217.46,0.11,5.37
0.71,0.82,3.74,6.15,209.44,0.57,3.71
0.3,1.62,1.1,4.9,93.29,1.64,6.49
0.73,1.67,3.76,7.06,29.9,0.16,3.79
2.17,0.66,2.26,6.76,81.74,1.71,5.74
2.57,1.39,1.22,9.4,249.54,0.18,4.78
2.49,1.54,3.44,9.58,294.14,1.67,3.89
1.19,1.31,1.96,6.3,148.15,0.72,5.28
2.0,0.3,2.55,6.95,2.91,1.22,5.26
0.61,1.75,1.32,9.38,42.01,0.31,4.33
0.88,1.08,1.59,8.84,96.62,0.13,4.13
2.69,0.56,2.19,4.02,173.58,0.43,6.42
0.04,0.85,1.36,5.92,22.53,0.26,5.15
0.26,0.08,4.64,6.53,283.01,0.62,3.0
0.62,0.26,1.02,5.38,109.53,1.03,5.82
0.08,1.53,2.94,5.2,273.78,1.18,4.58
0.54,0.0,1.49,4.23,234.16,1.58,5.85
1.75,0.83,2.23,7.86,226.63,1.31,4.71
1.26,1.05,4.7,5.58,182.02,1.22,4.02
2.68,0.11,1.65,4.31,188.04,0.82,6.61
2.45,1.95,4.86,5.39,191.4,0.95,17.58
1.03,0.45,1.82,8.81,188.62,0.83,3.99
0.78,0.61,3.97,9.11,166.12,1.68,3.0
1.14,0.61,3.19,6.9,295.92,0.46,3.67
1.77,0.46,4.54,6.5,219.69,0.01,3.26
0.8,0.0,3.22,9.87,233.08,1.3,3.0
1.87,1.46,3.14,5.2,261.74,0.4,13.18
1.23,1.93,1.78,5.29,64.69,1.78,6.59
1.66,0.45,1.66,5.75,25.14,1.72,6.31
1.31,1.33,4.67,5.04,144.87,0.15,4.01
0.88,1.48,2.31,6.28,154.22,0.21,4.76
2.85,1.7,2.49,9.47,248.75,0.99,2.43
2.29,0.85,4.04,7.69,133.14,1.22,4.12
0.42,0.61,2.36,6.47,171.26,0.55,4.27
2.61,0.65,4.81,9.61,158.12,1.43,3.03
1.46,1.43,3.95,4.29,11.46,1.19,5.53
2.68,1.63,3.39,5.26,184.56,0.65,5.58
2.4,0.36,4.52,7.4,248.41,0.05,3.16
1.28,0.74,1.2,7.69,47.25,1.5,5.57
0.07,1.8,2.03,4.24,178.3,0.43,5.48
0.81,1.61,2.86,6.42,178.08,1.67,4.92
1.62,1.97,1.91,7.89,49.26,0.84,5.34
1.9,1.51,3.98,8.19,37.04,1.15,4.12
0.77,0.79,4.68,7.83,294.02,1.75,3.0
0.42,1.18,2.7,5.92,118.12,1.73,5.03
2.5,1.32,2.37,4.56,68.23,0.74,6.56
2.95,0.16,4.85,6.56,51.4,0.42,4.05
1.58,1.09,2.78,4.77,200.28,1.55,5.76
0.52,1.42,2.96,9.69,182.83,0.87,3.02
0.82,0.33,2.41,6.85,193.07,0.38,4.09
0.06,1.56,4.64,5.9,26.4,1.81,4.03
2.74,1.17,3.28,8.6,268.06,0.4,3.94
0.35,1.9,4.05,6.99,116.78,0.05,3.31
1.73,0.08,4.25,5.86,94.01,0.04,3.82
0.82,0.53,2.37,8.87,138.71,1.24,3.82
1.66,1.2,2.73,9.2,117.02,1.32,4.17
1.95,0.59,4.39,8.04,259.07,0.62,3.03
2.49,1.43,2.45,4.28,278.78,0.64,6.19
0.62,1.52,4.18,7.4,91.04,0.68,3.39
0.03,0.21,4.76,8.58,259.18,1.36,3.0
0.41,1.03,3.49,4.82,234.46,0.12,4.07
2.7,1.02,3.97,5.37,279.24,1.86,5.31
2.62,0.74,4.22,9.29,73.73,0.45,3.32
1.79,1.87,4.38,4.12,173.09,2.0,5.63
1.8,1.66,2.58,8.52,82.36,0.34,4.41
2.0,1.39,1.21,6.84,247.23,1.54,6.08
0.53,1.43,2.61,6.68,1.6,0.45,6.57
2.74,0.92,3.7,4.04,169.45,0.16,5.54
1.26,1.84,2.8,8.92,101.76,1.75,4.43
1.15,1.39,4.0,6.16,96.81,1.72,4.62
1.56,1.46,2.43,7.24,193.47,0.81,4.8
0.14,1.72,3.54,8.06,255.45,1.4,3.29
0.5,0.55,1.75,8.22,182.76,1.11,4.16
2.21,1.61,4.0,9.74,255.95,1.71,3.46
0.25,0.39,3.18,7.19,79.38,0.63,3.55
1.81,0.69,1.82,6.4,155.85,1.05,5.57
0.74,0.67,2.17,9.72,135.16,0.97,3.5
1.17,1.96,3.99,7.85,3.49,0.71,3.92
0.87,1.71,2.93,5.79,167.04,1.78,5.25
1.07,1.4,1.86,4.76,198.46,0.33,5.67
2.16,1.45,4.87,9.06,177.57,0.3,3.0
0.89,1.12,3.86,6.17,220.88,1.15,4.02
1.7,1.89,4.83,7.96,171.4,1.31,3.52
1.43,0.99,2.71,6.82,20.03,0.39,4.77
1.99,0.76,2.9,5.19,34.93,0.78,5.65
2.81,0.33,4.59,7.61,178.94,1.89,4.1
2.2,1.57,3.1,4.36,82.49,0.49,6.0
0.64,1.47,3.83,6.48,23.89,1.34,4.36
0.09,0.77,2.01,7.28,128.88,1.48,4.49
0.79,0.05,2.79,6.62,166.3,0.9,4.12
1.79,1.68,1.49,8.49,98.62,1.88,5.66
0.15,0.02,1.82,8.97,216.13,1.47,3.56
1.49,1.41,1.0,8.63,193.13,0.92,5.1
1.79,1.94,1.16,4.23,99.85,1.14,7.35
1.0,0.88,4.91,5.16,226.46,1.39,3.86
2.31,0.47,1.97,7.22,194.61,1.18,5.31
0.32,1.41,3.65,9.61,191.23,1.76,3.0
0.23,1.63,4.36,9.01,166.03,0.71,3.0
2.18,1.09,3.2,9.06,3.42,0.6,4.11
1.49,1.93,1.61,5.82,208.95,0.43,5.78
2.07,0.1,3.91,6.58,112.81,0.08,3.89
1.3,1.01,3.4,6.82,282.78,0.09,3.66
0.74,1.44,3.93,4.94,245.4,1.74,4.67
2.46,1.73,4.08,4.19,176.31,1.36,5.82
2.4,0.36,4.9,9.68,75.65,1.32,3.0
2.08,1.6,3.29,5.44,61.12,1.23,5.74
0.82,1.11,2.37,5.44,102.12,1.7,5.62
1.77,0.79,3.59,4.5,142.97,0.96,5.27
1.08,0.26,1.27,9.57,88.82,1.74,4.55
0.27,1.73,4.59,7.48,154.48,0.72,3.0
2.75,0.31,1.48,8.0,49.61,1.85,6.02
0.41,0.62,2.31,9.47,293.31,1.4,3.19
2.85,0.58,4.26,6.07,32.38,0.51,4.75
1.34,1.74,3.39,7.73,279.58,1.13,3.96
0.56,1.35,2.57,4.23,274.07,1.07,5.33
1.63,1.59,2.89,5.12,157.61,0.28,5.31
2.62,0.5,4.42,8.99,217.47,1.18,3.25
2.2,1.25,2.36,8.6,130.81,0.63,4.61
2.42,1.14,4.48,6.1,189.01,0.1,4.09
1.98,1.67,1.35,6.26,102.17,1.9,6.73
2.08,1.81,4.11,7.2,90.35,1.28,3.77
2.55,0.02,4.39,4.0,173.47,1.75,5.4
0.75,1.35,1.73,5.45,149.44,1.35,5.8
1.47,0.1,2.72,5.25,173.86,0.71,4.97
0.66,1.1,1.66,5.5,86.0,1.03,5.7
2.96,0.58,3.83,8.84,110.09,1.35,4.14
2.83,0.61,3.14,5.68,25.17,1.92,8.58
0.12,0.71,3.54,5.15,15.68,0.51,4.26
2.12,1.24,1.79,7.03,76.04,1.75,6.09
2.78,0.67,1.85,9.19,22.27,1.85,15.1
0.54,1.47,1.17,5.45,31.13,1.34,6.3
1.7,0.81,2.29,4.47,243.88,1.86,6.19
2.75,0.14,3.24,6.14,11.66,0.8,9.43
0.1,1.57,4.43,8.49,197.68,1.91,3.0
2.09,0.57,3.67,7.3,81.77,1.41,4.49
0.89,0.87,2.74,8.9,261.46,0.08,3.01
2.77,1.37,4.81,9.76,145.5,1.81,3.44
2.91,0.66,3.88,8.76,91.67,0.97,4.03
2.83,0.11,4.72,7.62,155.29,0.92,3.63
1.42,0.75,3.11,6.96,114.59,1.13,4.51
2.59,1.89,2.04,4.24,169.29,0.3,6.72
2.53,1.28,1.21,9.91,34.36,0.94,5.27
0.96,1.34,3.9,6.3,299.1,1.66,4.09
2.49,1.26,1.49,4.91,127.67,0.03,6.52
0.11,0.4,2.21,8.0,104.47,0.55,3.66
1.79,0.84,3.13,5.71,213.06,0.0,4.56
0.69,1.5,3.26,7.51,109.17,0.83,3.95
0.36,0.2,3.4,7.52,249.98,1.46,3.28
0.23,0.56,1.67,6.67,136.28,1.6,4.98
2.09,0.55,2.52,9.02,215.87,1.89,4.41
1.02,0.86,3.47,5.59,32.24,1.22,4.87
2.17,1.96,4.88,6.69,253.84,0.51,3.77
0.2,0.14,3.91,7.23,220.72,1.85,3.2
0.95,1.04,4.69,7.98,63.52,1.55,3.27
1.62,0.36,4.05,8.7,43.59,1.15,3.38
2.37,1.94,3.37,6.37,94.89,1.39,5.56
0.96,0.23,1.77,7.88,292.82,1.85,4.49
1.88,0.81,3.67,4.9,77.05,1.42,5.43
2.66,1.48,3.49,9.6,136.84,0.74,3.86
1.85,1.41,3.41,6.3,9.01,1.43,5.34
0.7,0.85,2.96,8.38,119.17,0.08,3.27
0.07,0.69,3.11,4.12,171.4,0.77,4.69
2.61,0.8,2.34,5.23,285.94,0.81,5.8
0.06,0.53,3.08,6.92,155.02,0.33,3.39
2.62,0.41,1.79,9.27,245.73,0.05,4.18
1.59,0.97,4.22,7.16,164.14,0.27,3.47
2.82,0.54,1.74,9.58,12.24,1.31,5.2
2.4,0.57,1.34,6.9,94.5,1.6,6.26
2.99,1.31,2.74,6.94,172.66,1.98,5.91
1.05,1.94,3.63,4.72,285.18,0.69,4.75
2.3,1.21,2.75,8.82,257.74,1.2,2.82
1.21,0.15,2.11,5.48,68.51,1.87,5.8
1.44,0.15,3.23,9.4,66.03,0.33,3.07
1.88,1.9,2.39,9.46,60.35,1.44,4.75
2.62,0.59,4.73,9.66,276.75,1.51,3.0
2.95,0.18,4.69,7.12,255.8,0.18,3.43
2.3,1.2,3.01,8.06,232.47,1.72,4.7
1.25,1.25,2.31,8.67,117.82,1.63,4.56
1.26,1.3,3.95,4.79,151.31,0.07,4.46
2.21,0.53,1.15,7.61,139.3,0.18,5.32
0.72,0.03,2.9,4.21,76.02,0.1,4.83
0.33,1.93,2.35,6.99,151.51,0.67,4.5
1.06,0.5,4.68,4.93,9.15,1.02,4.29
0.86,1.35,1.05,5.1,39.54,1.06,6.51
0.89,1.41,3.21,6.19,265.98,0.54,4.15
0.7,1.22,3.96,6.59,225.5,1.82,3.98
0.13,0.63,2.94,7.74,126.86,0.74,3.44
0.05,0.54,1.34,4.45,155.15,0.09,5.33
2.96,1.2,4.89,7.02,111.0,0.6,4.12
1.28,1.73,3.07,5.1,222.23,1.06,5.26
1.15,1.89,3.46,7.44,235.26,0.82,3.95
2.04,0.21,1.95,7.82,228.99,0.55,4.55
0.65,0.31,2.93,7.34,216.78,0.26,3.39
2.85,1.89,2.72,8.43,61.35,1.64,5.52
2.36,1.47,1.3,6.01,101.39,1.99,7.03
0.27,1.77,1.42,8.59,140.95,0.66,4.36
1.25,0.41,4.35,6.6,99.24,0.76,3.6
2.64,1.18,1.96,6.91,226.48,1.24,5.78
2.83,1.4,1.78,7.89,98.81,1.44,5.99
1.4,1.36,3.02,4.11,41.47,0.78,5.88
1.84,0.82,4.07,7.92,119.71,1.81,4.04
0.5,0.03,1.25,7.71,293.97,1.12,4.29
2.97,1.17,3.31,5.86,67.76,0.9,5.73
0.7,0.51,1.48,4.51,183.65,1.29,5.96
2.83,0.9,1.15,4.55,129.89,1.91,7.68
1.95,1.92,1.21,9.54,21.31,1.59,5.6
1.82,0.8,4.34,8.14,146.36,0.08,3.03
1.54,1.68,1.47,4.76,210.65,0.66,6.33
0.69,0.38,1.18,6.14,153.97,0.94,5.36
0.53,1.34,2.75,7.55,261.63,0.63,3.73
0.66,1.95,4.38,9.01,86.68,1.4,3.07
0.56,0.2,2.05,4.26,25.87,1.65,6.01
2.34,0.02,2.69,5.42,280.97,1.46,5.25
1.05,0.87,1.16,9.34,113.46,1.98,4.92
0.17,0.19,2.8,4.05,172.92,0.55,4.72
2.91,1.5,3.31,5.21,237.6,1.75,6.06
2.65,1.83,3.28,9.75,97.29,1.53,4.42
2.78,0.87,2.33,7.68,214.85,0.72,5.04
2.98,0.52,2.26,5.57,40.63,1.47,6.57
0.52,0.87,1.43,4.4,87.39,0.21,5.81
1.19,1.45,2.47,4.17,43.41,1.58,6.43
2.27,0.02,1.4,5.47,243.37,1.06,6.05
2.09,1.18,4.07,9.29,66.79,0.58,3.34
0.46,1.23,4.87,6.5,215.22,1.31,3.17
2.45,1.28,4.88,8.32,282.99,1.28,3.3
0.67,0.48,4.46,9.51,158.33,0.42,3.0
0.67,1.43,3.4,6.45,162.01,0.06,3.84
1.61,0.18,3.8,5.15,138.31,0.87,4.59
1.78,0.4,2.14,7.1,97.77,1.14,5.15
1.74,1.75,3.52,9.45,142.7,1.75,3.92
0.27,1.48,2.82,8.83,180.84,1.86,3.74
2.63,0.03,2.93,4.39,295.8,1.06,5.64
0.8,0.5,4.03,8.16,281.33,1.51,18.7
0.39,0.43,2.13,7.43,258.65,0.88,3.91
2.67,0.54,2.27,9.44,266.74,1.49,4.42
2.87,0.5,4.7,4.73,140.35,0.41,4.76
2.59,0.13,1.22,7.2,197.23,0.74,5.62
2.43,0.92,2.94,9.28,268.52,1.27,14.95
1.97,1.47,4.65,6.46,117.89,0.04,3.83
1.65,1.21,3.44,6.89,288.53,1.44,4.37
0.26,1.35,3.19,4.42,124.74,1.67,5.27
1.23,0.16,2.0,5.67,180.32,0.8,5.15
1.12,1.9,2.37,5.95,212.94,0.9,5.26
0.78,1.68,4.41,9.67,285.18,1.7,3.0
2.17,1.61,3.24,5.7,73.38,1.55,5.82
1.49,1.65,3.06,6.77,223.84,0.58,4.48
0.24,1.87,1.4,8.03,156.24,0.65,4.58
0.66,1.09,1.06,4.97,80.57,1.36,6.42
2.05,0.4,4.85,6.92,232.98,1.13,3.45
0.23,1.23,2.51,8.43,165.67,0.32,3.4
2.55,1.49,3.41,9.2,198.29,0.62,3.85
1.49,1.48,1.32,7.76,96.87,1.8,10.6
1.44,1.04,3.73,8.01,144.38,1.38,3.85
1.78,0.14,4.73,4.76,185.21,1.97,4.61
2.47,0.74,3.3,9.67,121.47,1.53,3.98
1.04,1.84,1.5,4.8,59.51,1.88,6.88
2.03,1.17,3.33,8.65,288.49,0.43,3.5
1.7,1.08,4.07,5.59,153.44,1.54,4.81
0.8,0.54,2.63,9.6,220.18,0.04,3.0
2.64,0.74,4.52,8.32,123.31,1.34,3.79
2.39,1.79,3.59,8.52,106.54,0.94,4.33
1.98,1.33,4.6,5.31,122.15,0.69,4.54
2.55,1.57,3.49,6.66,122.76,1.72,5.43
2.6,0.91,1.53,7.71,163.25,1.71,5.93
2.13,1.26,2.24,8.62,163.04,0.04,4.34
2.51,0.5,1.81,4.62,149.15,1.22,9.41
2.09,1.41,4.64,9.77,40.44,0.74,3.0
2.04,0.86,4.04,9.34,148.82,0.83,3.15
1.86,0.89,3.71,5.62,50.73,1.66,5.29
2.26,1.3,2.2,8.94,37.84,0.62,4.8
0.48,1.87,1.74,7.11,279.79,1.89,5.11
2.64,0.13,4.03,6.77,181.49,0.36,19.76
2.62,1.65,2.9,5.89,197.85,1.33,5.85
0.09,0.58,1.9,7.49,120.54,1.34,4.38
2.48,0.89,3.47,8.38,272.69,0.5,3.73
0.39,0.04,1.16,6.47,191.38,0.65,4.8
1.01,0.6,2.3,7.78,230.75,1.67,4.4
2.23,1.01,2.87,8.2,110.57,1.52,4.8
0.48,0.11,1.59,8.27,288.0,0.66,3.7
2.45,0.98,4.94,4.31,246.14,1.07,17.11
2.5,1.85,1.84,9.16,256.18,0.12,4.57
1.52,0.21,1.52,6.75,51.66,0.42,5.28
0.02,1.53,1.81,5.57,81.29,0.97,5.38
0.86,0.82,4.08,5.45,85.69,0.17,3.94
1.85,1.31,2.7,6.9,81.27,1.69,5.45
2.94,0.52,3.26,9.32,256.62,1.44,4.0
1.9,0.32,1.08,6.27,9.57,1.89,6.63
0.78,0.32,1.14,8.5,22.83,1.39,4.91
1.9,0.14,2.78,4.58,82.17,1.88,6.08
1.62,0.37,4.27,6.86,59.96,1.11,3.94
2.34,1.33,4.54,9.95,69.56,1.2,3.21
0.32,1.76,1.35,8.62,239.38,1.95,4.73
2.28,1.63,3.15,5.26,168.94,1.28,12.15
1.62,1.37,4.65,7.01,1.73,0.06,3.65
2.89,0.22,2.55,5.4,128.8,1.45,6.14
1.03,0.58,4.32,6.46,122.37,1.81,3.99
1.9,0.62,1.53,8.68,34.18,1.59,5.31
2.8,0.5,4.74,8.63,202.84,1.17,3.32
0.31,1.03,4.01,5.37,210.63,1.34,4.02
2.81,1.07,4.77,9.53,216.27,1.98,3.41
2.06,0.71,3.71,7.56,218.54,0.18,3.63
0.2,0.71,2.45,6.28,0.02,1.33,4.86
0.9,1.66,4.75,7.01,286.18,0.57,3.0
2.12,1.58,2.1,7.63,244.26,1.28,5.25
0.2,0.62,2.33,7.36,271.19,1.22,3.89
1.75,1.83,3.8,6.92,4.69,0.31,4.49
1.04,1.91,4.06,7.03,280.16,0.41,3.45
1.86,0.65,4.72,5.06,242.94,1.24,4.28
0.14,0.71,1.82,8.88,251.17,0.26,3.24
2.61,1.01,4.19,7.25,27.99,0.53,4.35
2.92,1.88,3.95,4.79,221.63,1.67,5.96
2.91,1.75,1.26,8.6,287.98,0.65,5.47
2.25,0.21,2.55,9.59,203.56,0.98,3.81
0.39,0.79,2.13,9.68,171.17,1.88,3.69
2.27,1.11,2.22,6.21,283.69,0.45,5.26
0.07,1.01,4.93,4.81,132.88,0.78,3.5
0.07,0.39,3.57,7.11,179.79,1.21,3.29
0.97,1.72,3.87,4.68,142.9,1.51,5.13
1.47,1.35,4.91,9.6,279.85,1.8,3.0
2.31,1.68,2.51,5.1,22.83,1.83,6.8
2.05,1.72,4.21,5.52,150.34,1.55,5.13
1.34,1.5,2.74,6.44,206.09,0.46,4.67
0.82,0.88,4.48,6.3,237.57,0.05,3.01
2.99,1.22,1.72,8.77,174.91,0.77,5.28
1.28,0.32,4.79,6.74,272.68,0.28,3.0
1.35,1.35,1.88,5.02,282.6,1.42,5.95
0.49,0.36,2.3,5.6,19.3,1.32,5.22
2.38,1.39,4.02,7.05,120.71,0.09,4.17
2.08,0.46,2.58,4.88,7.04,1.67,6.33
0.66,0.24,3.43,7.67,98.82,0.5,3.28
0.25,0.33,2.78,7.39,161.06,0.86,3.62
2.04,0.0,3.97,8.29,273.24,1.34,3.31
1.96,1.44,1.91,9.63,253.97,0.86,4.25
0.82,1.46,1.23,9.47,38.25,0.88,4.6
2.85,1.03,2.2,9.68,27.91,0.13,4.54
0.45,0.32,2.9,5.47,176.78,0.8,4.36
1.3,0.17,1.67,4.79,159.64,1.53,6.08
2.83,0.04,2.42,5.81,79.91,1.83,6.22
1.26,0.33,2.6,9.37,269.84,0.83,13.89
1.92,1.78,1.23,9.83,278.21,0.85,4.61
1.19,0.48,3.33,9.16,120.78,1.41,3.4
0.82,0.71,4.54,4.66,267.09,1.89,4.26
2.95,0.21,1.61,9.68,115.18,0.53,4.68
1.23,0.44,3.39,6.54,221.05,0.88,4.01
2.68,1.04,3.66,4.06,142.78,1.59,6.18
0.69,1.22,2.68,6.65,36.77,1.22,4.86
0.64,0.49,3.8,4.28,278.38,0.22,4.01
0.09,0.12,2.64,7.26,136.23,1.26,6.61
1.96,0.78,3.02,6.03,220.35,0.37,4.7
1.11,0.47,1.03,6.84,110.15,1.02,5.53
2.59,0.44,3.77,7.68,5.66,1.06,4.51
1.42,1.92,3.65,9.21,30.16,1.75,4.05
2.9,1.23,1.15,7.97,148.87,0.92,6.01
0.56,1.11,2.47,6.6,206.99,0.56,4.3
2.61,0.83,4.92,8.92,100.42,0.46,3.02
2.33,0.86,2.68,9.43,208.65,1.75,4.33
2.31,1.08,3.01,4.72,209.59,0.34,5.5
2.53,1.39,4.64,7.19,211.18,0.85,3.94
2.28,1.4,3.87,5.71,147.76,0.37,4.81
1.88,0.34,3.33,4.28,274.47,1.55,5.4
0.39,1.0,4.19,8.01,146.76,0.95,3.0
0.1,0.82,4.46,9.18,135.08,0.7,3.0
2.76,1.74,2.83,4.98,59.81,0.72,6.38
1.85,1.26,2.9,8.87,92.3,1.7,4.51
2.39,1.07,2.54,9.12,12.7,1.11,4.76
1.44,0.23,4.87,9.49,190.06,1.44,3.11
0.35,1.21,3.79,5.59,74.56,1.79,4.59
0.38,0.23,1.33,9.42,91.25,1.8,4.23
2.06,0.67,4.45,5.92,231.24,0.66,3.99
1.29,0.29,2.92,7.31,98.17,1.9,4.62
0.6,1.38,1.28,4.3,72.66,0.05,6.1
1.47,0.41,3.2,4.26,50.72,0.75,5.43
0.19,0.78,2.67,8.32,232.46,1.79,3.65
1.75,1.79,4.51,6.67,38.91,0.55,4.18
0.81,0.41,1.82,5.54,136.13,0.55,5.17
2.39,1.02,4.31,5.14,152.08,0.61,4.8
0.93,0.84,3.23,8.02,206.22,1.22,3.65
1.37,0.04,1.22,4.0,189.99,0.88,6.34
0.03,1.59,4.89,8.84,243.22,1.45,3.0
0.22,0.14,3.05,4.48,13.43,1.79,5.22
1.18,0.95,2.16,5.15,88.93,1.35,5.88
1.44,1.12,2.88,6.32,84.04,0.41,4.8
1.8,1.26,4.43,6.91,43.81,1.87,4.52
0.87,1.38,2.22,6.13,86.75,0.53,5.1
2.08,0.51,1.77,5.92,92.93,0.3,5.7
2.58,0.02,1.52,9.78,156.57,0.18,4.23
2.34,1.45,2.19,7.85,199.11,1.13,5.2
0.12,1.07,4.12,4.14,114.33,0.23,4.12
1.44,1.67,2.89,6.58,215.84,0.28,4.54
0.31,1.64,1.91,9.25,100.85,0.6,3.84
0.73,1.69,1.66,5.81,87.09,0.56,5.6
2.96,0.97,2.33,4.57,162.36,1.21,6.7
0.43,0.67,4.76,8.55,7.11,1.63,3.0
1.5,1.58,2.37,7.64,23.94,1.52,5.31
1.85,0.9,4.95,7.42,125.39,0.52,3.21
2.11,0.37,2.94,4.32,282.87,0.49,5.3
1.68,1.71,1.72,4.84,216.45,1.93,6.72
0.03,1.77,4.56,7.74,26.44,0.02,3.0
0.98,0.93,2.84,5.25,253.9,1.76,5.16
1.55,0.15,3.84,7.02,219.69,0.4,3.43
0.26,0.78,4.93,7.27,183.28,1.89,3.0
1.05,1.61,1.2,5.7,246.09,0.68,5.79
0.1,1.8,1.39,9.69,121.23,0.88,3.99
0.24,0.41,3.88,9.05,66.45,1.41,3.0
1.19,0.13,2.13,8.33,153.61,1.18,4.19
0.4,1.75,1.74,4.47,164.65,0.64,5.82
1.7,0.78,1.16,4.64,161.5,1.11,6.65
2.07,1.08,1.09,6.96,169.52,1.46,6.17
2.4,1.94,4.1,4.96,284.61,0.08,4.8
0.6,0.13,1.54,9.87,270.67,0.02,3.0
0.5,1.3,2.87,4.95,262.72,0.92,4.78
0.31,0.15,3.42,6.92,240.43,0.26,15.09
1.91,0.75,2.71,6.18,283.03,1.33,5.05
2.12,1.61,1.11,7.84,29.55,0.43,5.85
0.09,0.87,4.13,4.77,79.54,0.87,4.11
2.81,1.99,1.04,6.58,148.52,0.4,6.61
0.16,1.12,4.05,5.65,253.96,1.1,6.7
1.62,0.64,4.57,9.33,151.55,0.23,3.0
2.13,0.44,2.73,4.24,224.41,0.05,5.43
2.61,0.7,3.14,9.48,41.69,0.1,3.8
2.14,0.75,2.91,9.0,75.72,1.91,4.56
2.41,0.14,2.56,5.79,219.53,0.28,5.07
1.02,0.74,4.55,8.74,49.42,1.42,3.0
2.44,0.93,4.58,4.19,105.41,0.14,4.92
0.24,1.45,2.34,9.8,79.46,0.22,3.16
2.68,1.31,3.46,7.16,104.96,1.02,4.99
1.64,1.42,4.71,5.82,212.5,0.93,4.04
2.45,0.02,4.85,6.18,110.35,1.9,4.39
1.36,0.44,3.04,4.4,166.58,1.89,5.65
1.93,1.32,2.81,9.94,29.98,1.56,4.26
1.58,0.97,2.11,4.24,241.51,1.2,6.12
2.19,0.01,4.84,7.93,110.97,0.91,7.31
0.24,1.61,1.57,6.66,194.56,0.71,4.89
0.18,1.55,3.32,9.69,217.62,1.89,3.01
0.74,1.1,2.13,5.48,62.9,1.21,16.66
0.48,0.13,2.12,7.19,265.4,1.16,4.06
2.62,1.53,2.62,6.89,184.87,0.46,5.26
0.66,1.17,5.0,8.22,128.62,0.09,3.0
2.93,1.56,1.22,4.41,54.7,1.89,8.08
1.01,1.5,3.31,5.16,282.69,0.63,4.59
0.55,1.61,1.33,5.29,226.52,0.89,5.75
2.37,1.04,1.62,8.43,62.41,0.23,5.12
1.98,0.28,2.76,5.13,101.31,1.67,5.83
1.49,1.34,3.04,7.44,242.9,0.06,3.89
1.67,1.24,2.04,5.29,208.7,1.67,6.12
2.16,1.48,2.27,9.17,229.74,0.28,4.15
0.69,0.34,1.35,9.65,132.36,1.77,4.22
2.99,0.39,2.21,7.11,214.94,1.46,16.87
2.92,1.78,4.87,6.11,115.95,0.33,4.53
1.95,1.5,4.78,5.4,63.38,1.13,4.72
0.6,1.82,2.34,4.3,189.8,0.63,5.59
2.04,1.52,3.28,5.61,292.8,0.36,4.82
0.22,1.19,4.64,7.93,93.18,1.72,3.01
0.09,1.31,1.02,7.2,138.29,0.81,4.99
0.77,1.78,4.24,9.66,202.2,0.8,3.0
1.39,1.16,4.79,6.38,162.45,0.34,12.54
2.6,1.26,1.37,8.16,253.03,0.77,5.39
2.18,0.31,1.65,6.94,228.52,1.74,5.66
2.23,0.95,4.84,7.08,17.49,0.73,3.92
1.28,1.43,3.15,5.61,299.53,1.9,5.1
1.04,0.54,1.06,6.73,225.72,1.89,5.66
1.11,0.4,2.03,6.82,259.17,0.29,4.33
2.96,0.63,2.8,8.24,195.36,0.35,4.44
0.12,0.48,3.77,9.64,256.89,1.73,3.0
2.6,0.43,3.93,5.98,33.71,0.79,4.93
1.74,0.85,4.98,4.25,104.32,0.01,4.23
1.32,1.82,2.15,6.98,262.93,0.55,4.82
2.18,1.01,3.15,7.27,60.5,1.2,4.95
1.46,0.38,3.13,5.01,23.47,1.6,5.56
2.62,0.15,2.62,8.56,236.44,0.27,3.99
2.7,1.39,1.68,9.91,250.65,0.22,4.38
1.27,0.77,4.91,9.67,48.8,1.84,3.0
0.83,1.64,4.41,5.18,256.3,1.5,4.28
1.78,1.32,2.99,9.25,206.03,1.18,3.85
2.74,1.59,3.41,8.23,156.02,1.54,4.81
0.63,0.54,1.91,6.72,249.08,0.86,4.49
1.87,1.38,3.18,7.24,125.77,1.52,4.9
1.89,0.53,3.78,9.1,58.2,0.74,3.38
2.2,1.88,3.06,6.88,85.46,0.49,5.1
0.39,1.27,4.96,6.24,151.55,1.46,3.38
2.15,0.65,3.45,6.96,159.4,0.84,4.43
2.73,0.54,2.48,7.47,241.67,1.96,5.35
0.54,0.38,4.09,5.13,237.41,0.7,3.68
0.71,1.39,1.68,9.41,174.41,1.84,4.39
2.91,0.44,2.54,8.05,234.24,1.87,5.12
0.54,1.19,2.39,7.8,57.53,0.48,4.15
2.56,0.53,2.73,4.6,15.02,1.6,6.57
1.48,1.32,4.13,7.63,262.09,0.87,3.43
0.74,1.63,2.94,4.73,22.67,1.84,17.78
2.61,1.56,4.18,4.47,74.01,0.9,5.69
1.34,1.52,3.31,7.16,208.6,1.49,4.45
1.54,0.38,2.37,6.42,122.83,0.93,5.02
1.08,0.18,4.24,7.53,262.89,0.46,3.0
1.78,1.4,1.95,4.54,89.39,0.4,6.31
0.49,0.74,1.9,6.59,3.56,0.85,5.02
1.17,0.86,3.02,5.05,90.2,1.51,5.43
2.91,0.06,2.04,9.92,173.42,1.21,4.42
0.77,0.52,1.04,7.37,112.78,1.38,5.3
1.97,0.07,3.59,8.12,160.46,0.56,3.51
0.98,1.76,3.04,5.95,262.98,0.96,4.67
2.32,0.49,2.78,4.57,273.75,0.09,5.3
0.39,1.11,4.87,9.86,79.79,1.64,0.38
2.91,0.08,3.28,5.72,138.64,1.98,5.74
1.36,1.33,4.45,6.54,164.74,0.81,3.79
0.71,0.65,1.56,7.9,284.73,0.02,3.89
0.22,1.8,3.28,4.15,299.59,0.34,4.56
0.51,1.78,4.47,8.86,70.62,1.31,3.0
1.56,0.65,3.33,7.22,218.09,1.22,4.14
1.01,1.8,3.87,5.67,113.41,1.58,4.86
2.49,1.99,2.49,4.37,2.43,0.51,6.8
1.29,1.65,1.37,4.97,2.78,1.53,6.94
0.75,1.69,2.83,9.37,138.17,1.38,3.71
1.85,0.5,2.58,8.12,146.5,0.65,4.25
2.12,1.15,4.47,5.5,6.77,1.09,4.95
0.5,0.13,1.98,4.39,206.08,0.29,4.3
0.5,0.19,4.87,8.14,88.2,0.91,3.0
0.11,2.0,4.83,7.43,167.97,1.76,3.15
2.21,0.65,1.99,6.43,90.28,0.84,5.69
1.99,1.5,2.39,6.18,50.14,1.68,6.11
1.42,1.61,4.58,5.3,122.15,1.18,4.55
2.53,1.72,4.87,8.02,69.68,0.38,3.66
2.42,2.0,2.77,9.82,160.44,1.16,4.36
1.76,0.48,2.28,5.05,59.65,1.01,5.92
2.6,0.08,3.1,7.58,152.52,0.8,4.45
0.62,0.82,3.75,6.55,47.21,0.24,3.69
0.34,0.26,2.09,6.68,201.29,0.83,4.25
0.81,0.04,3.95,5.52,226.18,0.15,3.45
0.17,0.72,1.21,8.95,33.12,0.2,4.01
1.59,1.57,1.2,6.91,140.34,0.83,5.83
2.81,1.13,2.55,7.26,21.26,0.61,5.51
0.12,0.63,2.41,5.83,179.45,1.85,4.85
0.37,1.31,2.26,5.09,79.32,0.75,5.33
1.36,0.46,2.96,4.52,158.29,1.52,5.53
2.8,0.03,2.28,8.28,155.24,1.06,4.84
0.95,1.53,1.77,5.18,277.31,1.41,5.81
1.52,1.25,2.24,8.14,164.72,0.52,4.41
0.12,1.52,4.9,6.34,174.9,1.88,3.44
0.45,0.08,2.64,6.49,120.5,1.06,4.25
2.96,1.67,2.78,6.82,284.72,1.66,5.68
2.9,1.24,3.31,6.21,233.16,0.73,5.18
0.01,1.13,4.93,4.6,85.62,0.2,3.45
2.86,1.25,1.97,5.86,253.26,1.35,1.55
1.92,1.73,3.73,7.98,129.72,0.02,3.8
2.6,1.17,3.86,7.99,248.6,0.95,4.02
1.36,1.16,3.43,5.72,246.87,0.39,4.34
1.55,1.98,1.35,6.76,56.66,1.25,6.24
1.47,1.51,3.71,5.16,210.34,1.96,5.26
2.0,0.88,1.26,5.26,87.19,0.93,6.6
0.42,1.41,3.38,4.14,89.25,1.63,15.49
0.09,0.78,3.96,9.38,88.9,1.02,3.0
0.92,0.46,1.84,5.26,217.67,0.99,5.35
2.11,1.19,4.37,5.37,68.95,1.86,5.25
0.61,1.86,1.12,5.68,0.27,1.78,8.92
2.02,1.86,4.38,4.76,214.57,1.57,5.23
2.91,0.68,2.84,7.84,51.36,0.59,4.95
0.28,1.06,1.87,4.45,31.34,1.09,5.93
2.02,0.42,1.54,4.81,71.25,0.45,6.33
1.33,1.99,4.81,7.87,113.97,0.89,3.36
2.6,1.96,1.29,6.04,142.77,0.97,6.8
0.53,1.3,1.8,8.25,13.37,1.66,4.91
2.08,1.61,2.39,7.34,291.17,1.79,5.29
2.51,1.43,3.48,5.54,214.82,0.83,19.2
2.83,1.19,3.18,7.9,96.96,0.04,4.53
2.05,0.11,1.5,4.7,95.61,1.72,6.77
1.49,0.91,2.16,7.22,134.56,0.35,0.92
1.85,1.35,1.96,6.62,187.87,1.24,5.63
2.61,1.36,1.85,5.61,43.91,0.05,6.29
1.71,0.75,2.64,7.62,56.68,0.8,4.65
0.09,1.88,3.82,9.23,257.83,1.97,3.0
2.79,0.33,1.87,9.99,76.88,0.2,4.3
2.07,1.0,2.47,7.65,114.06,0.85,5.61
2.03,1.38,2.56,6.43,261.38,0.61,5.04
0.65,1.39,4.91,5.35,198.94,1.81,3.98
1.98,1.3,4.82,5.54,102.51,1.74,4.76
1.18,0.55,4.2,6.88,205.11,0.48,3.26
1.95,0.31,1.97,6.2,5.9,0.16,5.46
0.32,1.27,1.27,9.48,220.69,1.25,4.05
1.97,1.2,2.27,6.21,146.1,0.67,5.47
3.0,0.36,2.07,6.24,243.95,1.34,5.92
0.14,1.41,3.02,6.3,286.39,0.06,3.61
2.93,0.91,4.11,9.02,277.74,0.27,3.22
1.22,1.34,4.43,7.9,272.78,1.37,3.2
2.61,1.67,4.38,7.69,153.65,0.42,3.96
2.35,0.34,2.44,6.0,108.04,1.72,5.88
1.7,0.04,3.75,8.91,139.51,0.12,3.0
2.22,1.56,2.25,4.23,206.97,0.43,11.92
2.64,1.22,1.24,9.22,265.2,2.0,5.52
1.21,1.4,3.81,7.08,62.1,0.87,4.13
0.98,1.68,1.04,6.39,275.46,1.41,5.83
2.0,1.61,2.64,6.98,244.55,0.37,4.77
2.42,1.92,2.32,8.0,293.66,1.22,5.09
2.29,1.07,3.77,4.08,264.08,1.45,5.62
2.39,0.98,4.06,9.23,83.98,0.63,3.45
1.31,0.8,2.22,6.68,31.79,1.66,5.49
2.45,0.31,4.25,6.06,33.67,1.21,4.76
0.36,1.15,2.18,4.83,87.37,0.78,5.42
1.63,0.55,2.79,6.64,184.26,1.12,4.73
0.02,1.84,3.91,6.98,241.3,1.15,3.4
0.97,1.17,3.77,6.42,269.78,0.33,3.6
1.1,1.19,4.95,8.07,187.13,0.81,3.0
1.19,0.71,1.9,6.53,1.69,0.69,5.33
2.09,0.1,3.65,9.77,55.9,0.8,3.19
1.17,0.06,3.44,7.6,29.92,1.52,4.05
1.35,0.85,4.66,8.84,109.0,0.97,3.0
0.71,0.17,1.63,4.66,150.41,1.88,7.22
1.12,1.21,4.01,6.38,13.02,0.59,4.17
0.68,1.76,3.27,6.02,104.54,0.83,4.62
0.22,1.77,2.1,7.42,53.75,1.57,4.93
1.81,1.32,2.9,9.17,194.12,1.09,3.94
2.0,0.42,2.34,4.47,139.28,1.09,6.09
1.86,1.73,3.32,4.44,148.6,0.11,5.43
1.39,1.77,4.56,9.1,128.31,0.8,3.0
1.14,0.39,3.28,5.28,286.81,0.54,4.25
2.59,1.47,3.53,8.01,64.42,2.0,5.09
1.56,0.57,3.07,7.26,155.0,0.62,4.14
1.44,1.61,1.2,9.0,220.81,1.77,5.15
0.08,1.99,1.93,4.75,167.05,1.35,5.78
1.02,0.06,2.97,4.78,278.71,0.68,4.55
1.14,1.79,2.24,7.34,113.39,1.09,5.04
1.2,1.25,1.73,9.68,139.1,1.68,4.46
1.74,1.95,3.02,6.49,26.56,1.77,5.7
1.6,0.93,2.29,5.96,182.7,0.32,5.08
1.82,1.69,2.03,7.64,86.46,0.68,5.24
2.29,0.12,2.86,9.58,48.09,0.67,3.8
2.44,0.67,1.53,9.02,163.36,0.08,4.6
2.15,0.13,4.71,9.97,159.69,1.2,3.0
2.87,1.95,4.47,4.14,22.76,1.71,6.32
0.05,1.63,3.83,4.68,209.46,0.76,4.23
0.59,1.71,1.42,7.66,187.13,1.48,5.11
0.02,1.88,4.1,8.92,56.71,1.26,3.0
1.94,0.17,4.23,5.71,140.83,0.75,4.22
2.69,0.77,4.07,5.44,216.1,0.28,4.64
0.73,0.14,1.46,8.72,158.83,1.42,4.29
2.78,0.42,3.58,4.34,118.65,1.71,6.08
0.18,0.46,4.34,6.22,96.7,1.37,3.49
2.8,0.94,3.31,7.03,183.12,0.04,4.53
1.05,0.54,3.59,7.36,281.73,0.43,3.2
0.3,0.2,2.83,8.37,201.52,0.14,3.0
1.46,0.33,3.11,6.13,22.42,1.14,4.92
0.77,0.29,1.14,7.68,138.21,1.51,5.04
0.85,1.95,3.56,7.51,267.25,0.22,3.42
0.92,1.52,1.33,7.29,28.34,1.68,5.82
2.41,1.94,2.74,7.84,296.66,1.11,13.72
1.62,0.88,2.17,5.56,284.72,1.38,5.53
0.93,0.56,3.18,4.51,23.48,1.94,5.65
1.83,1.6,1.53,4.72,280.02,0.17,6.1
2.15,0.65,3.77,5.35,108.94,1.8,18.67
0.82,0.6,4.18,7.0,253.41,0.25,3.0
1.24,0.47,1.65,9.04,125.52,0.79,4.22
0.37,0.26,1.42,8.21,132.26,1.7,4.54
0.54,0.51,1.58,8.73,190.27,1.81,4.33
2.04,0.71,4.51,6.11,232.34,1.01,4.02
0.54,1.35,3.11,6.43,10.14,1.19,4.69
1.58,0.13,2.87,6.36,177.95,1.42,4.78
2.13,0.42,1.43,5.15,56.02,1.67,6.83
0.32,1.62,3.6,4.37,103.78,0.24,4.63
1.7,0.29,4.47,7.55,104.39,1.62,3.67
0.77,0.69,4.31,9.94,140.72,0.96,3.0
2.89,1.73,3.5,5.0,100.24,0.9,6.02
1.45,0.31,1.3,4.28,32.21,0.85,6.6
2.42,0.17,1.45,8.68,43.69,1.02,5.24
1.65,0.97,1.2,5.52,10.03,1.89,6.92
0.13,0.6,2.03,8.98,141.07,1.1,3.59
1.9,1.13,1.54,8.22,286.33,1.91,5.27
2.85,1.61,2.04,9.67,34.7,0.36,4.89
1.8,0.27,2.54,6.45,283.88,1.45,4.89
2.46,1.16,4.77,7.97,220.01,1.62,3.74
2.65,1.01,3.44,6.79,191.25,1.36,5.01
0.68,0.29,4.34,7.78,193.58,1.21,19.51
0.64,1.25,3.84,6.7,248.02,1.13,3.67
1.83,0.55,1.45,5.13,32.08,1.72,6.78
1.23,0.98,3.94,7.05,151.43,1.64,4.08
2.52,0.16,2.1,7.17,209.13,0.24,4.86
2.7,0.92,3.56,8.86,176.05,1.7,4.27
1.06,0.61,2.36,8.41,249.83,0.83,3.77
0.71,1.64,4.99,7.98,21.68,0.51,3.0
2.34,0.11,2.05,4.68,207.21,1.74,6.38
0.82,0.84,2.12,8.32,160.21,0.86,4.09
2.47,0.92,4.72,7.0,113.75,1.62,4.3
1.27,1.45,1.1,9.36,102.08,0.53,4.67
2.0,1.15,3.79,9.52,186.25,0.01,3.0
0.29,1.33,3.9,4.33,267.3,0.99,4.33
1.87,1.55,4.35,8.92,148.85,0.2,3.0
1.36,1.72,4.9,4.23,247.42,1.51,4.67
1.76,0.63,4.9,6.2,120.65,0.55,3.63
0.5,1.08,1.26,7.25,30.72,0.89,5.21
2.21,1.68,4.29,4.89,18.45,0.17,5.11
2.59,1.98,3.59,8.48,15.4,0.57,4.54
0.65,1.78,3.59,4.05,114.05,1.56,5.48
0.29,0.74,1.51,5.01,101.17,0.3,5.37
0.07,0.39,3.6,7.48,215.38,1.29,3.09
1.93,0.98,4.93,8.29,222.85,1.83,3.27
1.82,1.48,4.65,9.5,15.26,1.36,3.28
1.64,0.99,2.76,8.23,66.34,1.62,4.68
0.7,0.97,1.16,8.03,82.28,0.22,4.66
1.17,1.68,2.45,6.37,164.28,0.5,4.94
1.78,0.72,4.31,4.01,43.35,1.79,5.55
1.49,1.72,3.81,4.72,40.18,1.43,5.58
2.96,0.81,2.84,7.21,283.14,1.28,5.08
0.41,0.66,1.22,8.05,241.26,1.33,4.5
2.09,0.91,2.71,6.5,54.2,0.83,5.32
1.21,1.52,2.88,8.38,121.97,0.09,3.77
1.28,0.25,4.71,7.13,106.69,1.57,3.7
2.15,0.39,3.56,4.45,237.3,1.36,5.35
2.08,1.9,2.25,5.15,153.06,0.95,6.27
2.97,0.35,3.1,9.04,38.35,1.8,4.76
0.39,1.14,1.26,8.35,221.7,0.67,4.27
0.31,1.16,4.89,9.37,119.07,0.59,3.0
2.17,0.98,2.44,4.71,78.88,1.75,6.57
1.74,1.29,2.91,9.94,112.65,1.59,3.95
0.82,0.46,2.42,5.26,149.33,1.03,5.11
0.24,1.11,3.73,4.07,102.93,0.26,4.49
0.26,0.74,3.65,9.98,72.57,0.43,3.0
2.68,1.32,3.86,5.69,119.55,1.31,5.43
0.58,0.28,2.07,8.01,5.75,0.77,4.22
0.97,1.14,2.26,5.06,231.75,1.67,5.65
0.68,0.37,1.5,7.48,51.28,1.9,5.22
1.06,0.56,3.62,9.42,13.17,1.61,5.33
0.21,0.44,1.16,5.92,196.11,0.76,5.08
1.56,0.37,3.39,8.02,232.18,1.58,3.82
0.2,1.65,4.48,5.13,244.15,0.7,3.65
2.4,0.57,4.56,7.75,148.05,0.33,3.37
0.7,1.85,2.8,6.02,61.61,0.07,4.72
1.62,1.94,2.84,5.27,221.17,0.77,5.45
2.64,1.14,1.31,5.88,209.91,1.81,6.83
1.95,0.29,3.68,5.07,73.88,0.48,7.75
1.6,0.75,4.29,9.41,271.02,0.41,3.0
0.97,1.6,1.98,6.38,31.31,1.94,5.94
1.0,0.73,2.69,5.47,294.81,0.05,4.35
2.01,0.17,4.36,6.69,258.07,1.57,3.88
2.98,1.11,4.51,5.92,206.37,0.64,4.59
1.99,1.69,1.97,8.47,281.62,0.07,4.4
1.67,1.59,3.2,9.83,216.69,1.84,3.76
2.19,0.35,1.77,6.63,57.14,0.28,5.48
1.4,1.35,1.41,9.17,132.65,1.1,4.77
0.18,0.44,4.64,7.4,21.45,0.55,3.0
1.69,0.44,4.28,4.94,116.9,0.13,4.25
2.87,1.75,4.04,8.14,222.48,0.1,3.88
0.53,0.5,1.2,7.08,115.93,0.23,8.85
2.07,0.53,4.37,7.9,99.09,0.14,3.27
0.6,0.0,2.75,9.34,178.61,1.52,3.16
1.61,1.74,2.37,6.64,261.66,0.97,5.11
0.29,1.59,3.19,9.41,14.27,0.69,3.19
1.35,1.25,1.37,8.5,115.64,0.84,4.93
2.27,1.5,4.03,6.93,47.47,1.86,5.04
1.04,0.3,3.33,7.62,208.61,1.82,3.87
1.99,0.92,1.75,5.95,31.72,1.43,6.35
2.39,0.7,1.75,9.9,199.44,1.77,4.7
2.78,0.19,1.74,8.0,85.85,0.64,5.29
0.7,0.97,1.23,4.26,59.68,0.76,6.38
1.2,1.84,3.35,5.96,280.91,1.23,4.69
0.46,0.08,4.36,7.74,5.56,1.25,3.03
2.98,0.58,1.07,4.34,131.33,0.96,7.41
2.78,0.42,1.2,4.14,6.49,0.8,7.45
1.62,0.48,3.29,6.7,145.08,1.97,4.8
2.53,1.82,4.28,6.0,150.31,1.64,5.2
1.56,0.94,2.31,6.63,96.5,0.87,5.18
1.87,0.93,2.4,5.58,39.65,1.45,6.04
0.27,1.52,3.39,4.99,112.92,0.54,4.55
2.27,0.31,2.1,8.13,201.68,0.2,4.39
0.38,0.97,1.11,7.09,234.72,0.7,4.79
2.48,0.86,3.94,5.2,159.23,0.81,5.06
2.35,1.19,3.5,5.92,176.95,0.03,4.72
2.13,2.0,3.32,7.55,60.18,1.63,5.18
0.11,1.54,3.97,4.43,86.2,0.72,4.48
0.91,0.8,3.7,4.88,48.57,1.16,4.89
0.79,1.66,1.82,4.44,74.79,0.15,5.94
1.08,0.34,2.41,8.87,67.47,0.35,3.65
0.26,0.06,1.5,8.51,155.83,1.78,4.24
2.81,0.41,1.52,8.52,168.81,1.22,5.36
1.66,0.68,3.7,8.3,283.48,1.9,3.69
0.92,1.02,4.43,8.02,58.67,2.0,3.58
1.19,1.23,4.85,6.86,192.5,0.74,3.22
1.34,1.82,3.51,7.85,245.18,0.6,3.72
1.8,1.02,1.74,4.23,168.07,1.72,6.82
1.55,1.0,1.42,7.73,76.5,2.0,1.84
2.76,0.1,4.25,8.67,78.77,1.26,3.74
1.49,0.07,3.32,7.0,11.78,1.59,4.59
2.98,1.1,3.47,6.15,91.63,1.56,5.72
2.55,0.88,4.13,5.66,223.38,0.71,4.63
0.63,1.68,3.81,7.86,14.26,1.15,3.82
2.79,0.32,4.34,8.16,65.79,1.67,4.16
0.35,0.05,1.22,9.23,211.87,1.38,3.89
2.45,0.9,3.99,6.05,234.8,0.04,4.23
1.14,0.47,4.4,8.62,136.6,0.67,3.0
2.63,0.1,2.14,7.37,209.42,0.29,4.81
2.6,1.45,3.56,9.3,116.39,0.47,3.83
2.42,0.22,2.26,7.17,47.97,1.81,5.68
2.37,1.22,4.83,7.11,119.44,0.07,6.17
0.91,0.56,1.13,7.47,173.99,0.44,4.79
0.24,0.35,3.32,8.5,284.42,0.62,3.0
1.21,0.76,1.67,9.79,20.63,1.23,4.37
0.52,1.6,3.85,4.44,152.22,1.07,4.78
2.08,0.78,1.7,4.32,98.68,0.44,6.5
1.04,1.5,1.94,9.63,152.49,0.33,3.78
2.93,0.25,2.98,7.18,7.19,0.47,5.05
1.92,1.55,4.66,7.69,93.91,1.01,3.77
2.47,0.47,1.85,6.89,245.96,0.54,5.23
0.4,1.35,1.58,4.56,166.18,1.9,6.26
2.59,1.13,4.04,8.61,135.17,0.93,3.87
2.77,1.86,3.0,8.48,85.66,0.12,4.63
1.46,0.77,4.65,5.87,89.41,1.46,4.23
1.82,0.13,1.59,5.84,114.93,0.66,5.69
2.29,0.04,3.58,9.03,250.67,1.31,16.73
0.52,1.65,1.93,4.43,290.16,0.56,5.47
1.51,1.05,1.63,9.29,131.6,1.14,4.57
1.2,1.55,3.73,5.54,118.01,1.54,4.99
0.44,0.47,3.37,7.56,253.97,1.86,3.55
1.1,0.69,4.02,9.62,128.07,0.52,3.0
0.2,0.06,2.24,8.07,165.61,0.67,3.48
0.08,1.92,2.79,6.49,69.28,0.93,4.58
0.41,1.34,2.62,8.14,223.05,1.85,4.07
2.89,1.87,4.94,6.06,159.6,1.8,5.02
1.65,0.53,2.17,5.66,242.71,0.18,5.0
2.9,1.22,2.18,9.98,234.22,0.26,4.15
1.3,1.36,2.42,8.5,64.5,0.99,4.47
0.94,0.64,3.26,7.87,214.69,0.21,3.21
1.52,1.7,2.01,6.13,240.02,0.69,5.41
1.32,1.89,4.66,4.29,103.83,0.3,4.63
0.32,1.77,2.06,4.19,51.78,1.27,6.18
1.92,1.48,4.58,7.33,0.79,1.9,4.48
0.65,0.55,1.41,8.57,135.27,1.99,4.74
1.86,0.56,3.63,7.22,105.73,0.75,4.12
1.95,1.93,4.63,9.04,166.47,1.2,3.31
0.46,0.02,1.67,4.2,56.41,1.71,6.13
0.18,1.43,4.87,6.2,257.9,0.23,3.0
2.34,1.41,2.81,5.42,77.33,1.38,6.14
1.38,1.25,4.78,6.68,67.93,0.82,3.72
0.17,1.98,3.71,4.43,144.21,0.41,4.56
2.98,0.62,2.21,9.72,149.66,0.81,4.49
0.17,0.68,1.75,5.34,64.53,0.15,5.03
2.09,0.16,2.21,9.53,81.56,1.39,4.35
2.95,0.89,1.37,6.56,50.91,0.51,6.4
0.72,0.52,1.58,9.91,215.54,0.62,3.42
0.43,0.69,1.42,7.32,231.03,0.24,4.28
0.36,1.67,2.69,9.58,138.7,1.73,3.65
0.91,1.87,4.18,4.03,214.23,0.99,4.86
0.3,0.37,1.57,8.49,220.78,1.14,3.94
2.08,0.75,1.52,9.42,41.48,1.14,4.96
0.19,1.86,3.57,4.84,289.85,0.82,4.32
1.53,0.12,1.79,4.58,246.31,0.39,5.56
2.99,0.18,1.39,6.55,61.35,1.49,6.57
2.44,0.33,1.67,9.6,55.85,0.25,4.47
1.85,1.19,4.69,7.25,37.7,0.21,3.58
0.92,0.3,4.29,7.16,41.51,1.42,3.6
1.87,1.94,2.42,4.85,224.45,0.42,5.84
1.58,0.89,3.62,4.0,140.9,0.61,5.25
1.28,1.0,3.15,8.86,234.88,0.95,3.42
0.39,0.49,3.71,4.53,223.88,0.9,4.22
2.66,0.94,3.73,7.8,181.38,1.42,4.46
1.35,1.32,3.51,9.49,205.91,1.25,3.26
0.58,1.5,2.06,5.25,5.51,1.29,5.91
1.1,1.51,1.16,7.99,93.53,1.43,5.5
1.24,1.16,2.82,4.47,191.35,0.59,5.34
2.48,1.81,4.56,7.62,2.8,0.64,4.25
2.2,1.63,3.28,4.98,9.89,0.88,5.96
2.31,1.51,4.33,8.42,255.57,0.61,3.37
0.03,0.11,4.97,5.81,205.21,1.97,3.12
1.25,0.01,1.65,6.78,79.61,1.63,5.42
1.44,0.42,3.77,7.6,206.39,0.33,3.26
0.06,1.33,3.7,5.03,237.74,0.01,3.73
0.78,0.82,4.92,8.45,92.04,0.09,3.0
2.28,0.8,4.94,5.82,10.81,0.49,4.26
0.41,1.77,3.75,7.97,279.83,0.23,3.0
1.61,1.79,1.97,4.95,103.55,1.07,6.4
0.65,1.82,4.19,8.13,31.94,1.72,3.73
0.04,0.63,1.43,4.77,147.56,1.47,5.74
0.72,1.38,4.12,6.55,230.54,0.43,3.39
2.93,0.54,4.64,5.48,66.49,0.8,4.84
2.4,0.38,2.53,8.49,80.85,1.02,4.65
2.88,0.37,3.52,5.57,72.81,1.62,5.71
1.46,0.68,2.72,9.29,297.5,1.68,17.66
0.33,0.86,2.75,9.35,59.22,1.82,3.64
1.64,1.66,2.24,5.18,172.66,1.02,5.96
1.36,0.24,4.05,7.68,277.58,1.39,3.25
2.53,1.47,4.74,4.53,44.07,0.22,5.05
0.29,1.06,4.76,6.35,291.26,1.13,3.0
1.46,0.58,1.7,8.28,284.24,0.5,4.2
0.45,0.99,4.5,7.96,265.37,0.86,3.0
0.97,0.6,3.95,7.75,64.37,1.27,3.57
2.21,1.19,2.01,5.7,190.22,0.51,5.8
1.43,0.87,1.27,6.27,228.27,0.1,5.29
1.13,0.33,2.07,4.62,295.81,0.02,4.99
1.18,0.23,4.65,8.31,54.13,0.04,3.0
1.38,1.09,3.53,7.02,229.81,0.02,3.64
2.36,1.8,3.88,8.25,101.64,0.22,3.98
2.68,0.69,2.03,5.49,52.69,0.48,6.22
2.87,1.47,3.88,5.95,126.41,0.44,5.09
2.36,1.32,1.11,6.01,238.15,1.97,6.82
0.95,1.86,2.5,4.15,139.45,0.61,5.84
2.06,1.64,3.51,6.05,161.26,0.25,4.77
1.31,1.13,1.58,8.82,298.55,1.09,15.06
0.76,1.31,4.29,9.38,119.73,1.72,3.0
2.52,1.8,1.94,7.11,184.62,1.36,5.97
0.12,0.8,3.61,6.73,109.57,0.59,3.46
2.71,0.65,2.62,4.18,117.84,1.12,6.52
1.38,0.02,3.38,9.28,208.69,1.43,3.11
1.91,1.65,1.43,4.08,281.37,1.46,6.98
1.98,1.6,1.07,9.67,162.71,1.33,5.17
2.69,0.21,4.64,6.94,230.52,1.74,4.08
1.91,1.15,2.08,6.05,26.76,1.74,6.27
1.84,0.93,4.28,9.55,63.35,1.16,3.15
0.2,0.24,5.0,4.15,150.64,0.86,3.55
1.56,1.96,1.85,7.49,6.0,1.28,5.76
0.45,0.43,2.06,7.29,75.86,1.64,4.71
2.21,0.13,3.65,5.32,155.22,0.01,4.52
1.54,1.19,4.86,6.57,4.49,1.98,1.87
2.04,1.48,4.66,7.91,79.36,0.37,3.49
0.13,0.06,3.01,8.36,154.21,0.94,3.0
0.25,1.32,4.18,4.0,171.94,1.74,4.77
2.15,1.06,1.54,9.62,277.73,0.45,4.25
0.22,0.21,4.91,4.99,193.6,0.95,3.22
0.21,0.35,4.86,5.4,124.42,0.27,3.0
0.04,1.14,1.65,5.58,279.11,0.79,4.9
2.87,0.59,2.2,4.23,235.46,0.35,6.27
2.21,1.88,1.4,4.74,60.0,0.73,16.81
1.06,1.64,2.09,9.92,39.25,0.75,4.02
0.89,1.97,4.26,5.89,202.74,1.99,4.51
1.05,0.52,2.51,4.69,167.96,1.99,5.76
2.32,1.94,1.35,4.64,236.9,0.23,6.69
1.98,0.86,2.37,8.32,221.64,1.45,4.63
0.56,0.7,4.93,9.13,187.56,0.1,3.0
0.52,0.1,3.52,5.54,295.91,0.06,3.39
0.3,0.11,2.66,4.13,160.08,0.21,4.7
1.98,1.38,1.67,5.34,33.93,1.93,6.97
2.29,0.92,4.94,4.34,248.48,1.88,4.98
0.8,0.45,4.28,4.62,75.56,0.39,4.12
0.06,1.23,2.13,6.59,233.19,0.32,4.15
0.25,0.51,1.28,5.38,287.13,0.48,4.98
2.9,1.16,1.23,7.1,209.04,1.03,6.21
0.89,0.72,1.48,5.52,178.81,1.14,5.66
2.31,1.65,3.32,9.64,138.12,0.44,3.7
1.87,1.64,4.72,9.44,109.32,1.51,3.2
1.15,0.95,2.99,7.4,105.9,0.62,4.14
0.62,0.7,4.37,6.13,190.91,1.84,3.8
0.36,0.73,2.78,6.29,225.38,1.31,4.29
1.85,1.61,3.83,6.47,203.56,0.87,4.46
2.32,0.66,3.93,8.37,59.52,1.58,4.16
1.93,0.42,1.7,6.71,148.2,1.64,5.75
1.59,0.17,2.44,9.14,237.49,0.58,3.48
0.13,0.93,3.55,9.66,142.71,0.68,3.0
2.91,0.96,1.28,6.02,160.99,1.87,6.99
2.4,1.68,2.45,7.36,231.34,0.33,4.96
0.88,0.44,3.14,4.57,198.38,0.08,4.5
2.94,0.76,4.98,5.2,122.8,0.91,4.75
1.81,1.62,2.9,6.48,268.62,1.6,5.16
1.75,1.65,4.26,5.24,48.77,1.54,5.24
2.24,0.77,2.73,9.26,298.65,1.84,4.15
2.44,0.92,4.19,4.95,35.66,1.07,5.36
1.97,0.61,3.38,6.73,4.48,0.2,4.52
0.38,1.87,4.55,7.63,267.01,1.18,3.0
1.01,0.24,2.64,8.15,73.49,1.56,9.62
2.78,1.87,3.42,6.3,218.91,0.19,5.02
0.67,1.37,3.52,9.21,243.3,0.35,3.0
1.12,1.06,2.67,7.41,257.7,0.02,3.8
1.3,0.07,1.58,6.64,297.48,1.19,4.95
1.32,0.95,1.37,4.4,88.21,1.77,6.89
1.84,0.82,1.07,6.79,213.07,1.34,5.92
2.83,0.32,4.49,8.92,34.62,1.96,3.96
0.72,1.31,1.95,7.69,122.04,0.13,4.31
0.36,1.94,1.85,8.99,254.39,1.81,4.27
0.59,1.12,3.94,6.96,110.3,1.63,3.91
2.66,1.43,2.28,4.71,177.33,0.63,6.4
1.94,0.14,3.02,4.08,151.13,1.95,6.05
0.86,0.84,1.65,5.82,193.79,0.58,5.21
2.45,0.23,4.84,8.19,291.87,1.78,3.24
2.58,1.23,4.41,8.74,16.72,1.76,4.19
2.54,1.88,4.46,5.77,172.19,1.52,5.11
2.76,1.32,2.63,6.97,258.91,1.13,5.34
0.76,0.15,4.05,6.53,144.41,0.24,3.19
2.27,0.71,1.58,6.46,23.56,1.06,6.19
1.38,1.1,1.03,5.39,168.16,0.71,6.19
2.53,0.81,1.08,4.82,99.62,1.58,11.62
2.19,1.67,3.35,5.18,46.48,1.52,6.03
2.33,1.63,2.82,4.33,254.71,1.82,6.45
1.97,1.22,3.07,5.19,156.48,0.03,5.13
0.53,0.75,1.03,4.06,279.98,1.62,6.34
1.64,0.51,2.69,7.76,241.8,1.88,4.52
2.95,0.21,3.87,5.9,207.89,1.58,5.07
2.81,0.71,2.77,9.84,1.51,0.26,4.12
0.13,0.83,3.93,5.16,128.35,0.16,3.7
0.49,1.35,1.93,6.07,59.25,0.04,4.96
0.4,1.32,4.25,6.15,273.24,1.26,3.54
2.18,0.14,3.35,4.05,52.38,1.26,5.9
2.45,0.79,1.84,9.04,85.82,1.97,5.36
0.64,0.36,1.95,4.19,155.05,0.8,5.59
1.52,0.31,3.51,9.64,79.01,0.66,3.0
2.52,1.65,4.32,9.35,62.96,1.25,18.26
2.2,0.08,2.66,7.21,179.73,1.65,4.94
1.63,0.84,2.03,7.26,26.68,1.87,5.64
1.77,0.34,4.47,7.92,17.45,1.61,3.75
1.53,1.76,3.68,6.32,111.67,0.85,0.16
0.89,1.11,2.79,7.88,216.2,1.27,4.03
1.7,0.46,2.95,4.27,166.44,1.71,5.86
2.07,1.0,1.82,4.32,126.86,0.98,6.65
2.62,1.46,3.51,6.74,169.73,0.43,4.78
1.91,1.92,2.43,7.3,109.64,0.34,5.07
2.28,0.44,4.98,9.33,280.84,0.0,3.0
0.48,1.77,2.92,4.63,16.47,1.44,5.71
1.38,1.87,2.94,8.94,202.02,0.22,3.59
0.03,1.83,3.26,5.26,267.38,0.49,4.17
0.74,1.27,4.67,6.36,241.17,0.6,3.16
2.18,1.26,4.2,5.9,55.21,1.12,4.93
2.98,0.81,2.8,6.4,88.78,0.8,5.64
0.3,1.5,3.87,4.9,215.11,1.35,4.43
1.2,1.06,3.34,7.02,25.28,0.11,12.98
2.4,1.35,2.97,8.81,243.56,0.25,3.91
0.61,0.86,1.77,6.65,215.67,1.0,4.81
1.67,1.46,2.86,6.94,218.88,0.67,4.61
2.2,1.65,1.98,9.09,30.07,0.59,4.95
1.85,0.29,4.66,8.24,215.33,0.13,3.0
0.56,1.67,2.34,6.94,203.95,1.79,4.91
1.07,1.08,4.81,5.55,249.28,1.38,3.81
2.35,1.69,3.13,9.31,12.48,0.24,4.15
1.66,0.86,3.53,7.46,6.93,0.13,4.02
0.02,0.76,3.17,5.33,111.9,1.95,17.3
2.28,1.83,1.52,5.61,44.64,1.36,6.99
0.11,0.5,2.5,8.82,167.52,0.83,3.17
2.24,1.69,1.4,4.26,275.2,1.4,7.09
0.61,0.97,3.49,9.95,117.44,1.51,3.0
2.87,1.03,2.79,4.78,253.49,1.56,6.28
1.1,0.62,4.11,8.78,0.07,0.96,4.62
0.98,1.15,1.88,6.37,50.55,0.86,5.4
0.45,0.65,1.66,6.95,9.13,0.02,4.63
0.92,0.08,2.63,9.28,98.44,1.85,3.74
2.63,0.54,4.71,6.48,272.46,1.21,4.0
2.99,0.01,3.84,7.22,29.09,0.41,4.41
1.1,1.96,2.68,4.3,181.92,1.84,6.18
1.35,1.93,3.07,4.01,135.45,1.83,6.27
2.17,0.79,1.34,5.47,281.54,1.98,6.56
2.66,1.46,4.94,8.08,36.76,1.75,4.2
1.78,0.69,3.67,4.73,63.61,2.0,5.68
1.17,1.34,2.14,4.68,8.86,0.49,6.01
1.24,1.61,3.34,6.47,130.18,1.68,4.92
2.09,1.89,1.44,7.89,83.35,1.65,6.09
0.01,0.8,4.86,8.27,260.97,0.46,3.0
1.86,1.57,1.7,5.07,181.48,0.2,6.07
1.07,0.53,3.59,4.48,184.23,1.96,5.16
2.38,1.98,1.98,9.64,159.57,0.59,4.66
0.28,0.05,3.87,5.56,27.56,1.74,4.25
1.76,1.21,4.11,9.12,133.51,0.01,3.0
1.44,1.32,3.69,9.18,299.85,0.04,3.0
1.93,1.38,3.46,8.64,250.57,0.93,3.72
0.19,0.24,4.57,5.01,268.04,0.48,3.08
1.74,1.88,1.31,8.93,246.97,1.38,5.13
1.68,0.36,2.32,8.62,30.91,1.13,4.5
1.68,1.25,1.99,7.58,68.23,0.15,4.91
1.81,0.45,4.95,6.02,0.94,0.33,3.79
2.03,0.61,2.56,5.58,91.05,0.78,5.56
2.41,1.09,3.93,4.73,32.58,0.37,5.36
0.81,0.83,3.74,7.06,141.84,1.58,3.93
2.48,0.32,1.85,7.51,203.14,0.83,5.15
1.49,0.34,1.96,6.16,262.35,0.19,4.76
0.23,0.84,2.13,6.85,224.77,0.97,4.29
0.18,1.51,2.64,6.18,281.58,0.18,4.0
1.0,1.8,1.94,7.85,16.17,0.26,10.41
2.35,0.17,1.08,9.41,3.65,0.48,5.0
2.12,0.79,4.52,4.98,198.4,1.72,4.88
2.37,0.2,4.86,6.29,86.81,1.85,4.38
1.55,0.03,2.37,4.85,76.05,1.65,5.93
1.32,1.32,2.35,7.75,99.27,0.67,4.62
0.44,1.2,1.03,8.37,80.94,0.54,4.67
0.98,0.33,3.72,9.59,153.43,1.1,3.0
1.3,0.47,4.3,5.67,132.04,1.44,4.25
0.27,0.05,1.59,9.7,153.73,1.99,3.8
0.66,1.67,1.64,4.38,201.81,0.26,5.8
1.79,1.95,4.16,7.62,116.14,0.1,3.74
2.21,0.27,3.47,4.34,75.39,1.39,5.77
3.0,0.46,1.18,9.36,49.86,1.66,5.75
2.8,1.74,3.49,7.18,104.84,1.69,5.42
1.93,1.85,2.24,8.02,222.54,1.36,5.07
1.26,0.84,2.47,8.99,227.01,1.91,4.11
1.91,0.1,4.08,4.9,200.07,1.02,4.58
2.36,0.08,4.24,4.23,70.21,1.83,5.56
0.36,1.15,2.6,9.27,176.43,1.94,3.68
1.23,0.79,4.79,5.89,171.21,1.69,3.96
2.52,0.06,2.63,4.77,145.28,0.62,5.75
1.15,1.17,4.09,6.81,164.99,0.39,3.57
1.72,0.02,2.94,7.59,147.54,1.1,4.21
1.76,1.57,4.59,4.19,169.64,0.91,4.95
0.55,0.61,4.63,5.65,214.65,1.76,3.69
1.09,0.08,1.35,4.2,32.89,0.2,6.09
1.0,1.18,4.75,6.52,224.89,0.52,3.15
0.08,0.8,4.3,9.37,40.77,1.5,3.0
0.07,1.95,4.17,9.9,19.99,0.19,3.0
2.5,1.09,1.8,7.82,292.82,0.64,5.04
0.82,0.55,4.22,4.97,287.1,0.77,3.79
1.55,1.42,4.4,9.44,18.13,1.25,3.25
0.9,0.54,2.16,7.1,132.98,0.32,4.34
2.82,1.81,4.81,4.92,55.87,1.72,5.68
0.78,0.75,1.2,9.53,145.6,0.9,4.15
1.29,1.1,1.6,8.54,249.05,1.83,4.83
2.62,0.1,3.15,8.39,285.18,0.94,3.9
2.53,0.85,3.3,8.26,190.28,0.55,4.08
0.56,1.66,3.58,5.2,106.17,0.28,4.45
2.41,1.61,1.07,5.27,181.0,0.01,6.58
1.37,0.45,4.84,8.13,93.6,1.06,3.0
1.45,0.45,1.18,5.32,272.95,0.21,5.56
0.4,1.63,1.57,6.63,261.12,0.78,4.88
0.24,1.86,1.06,8.69,167.47,1.18,4.7
2.18,0.19,3.27,8.7,97.44,0.55,3.73
1.49,0.9,4.73,6.72,88.02,0.35,3.45
1.31,0.67,3.66,8.75,10.03,1.55,3.76
2.19,1.74,4.29,9.03,244.75,1.89,8.41
2.3,0.17,1.05,7.93,135.11,0.2,5.21
0.48,0.42,3.17,5.37,97.54,0.31,4.24
1.83,1.5,2.84,5.64,141.33,1.92,5.89
0.41,0.1,3.0,5.89,245.62,0.08,3.62
2.25,0.99,1.29,4.7,37.38,1.96,7.48
1.97,0.88,3.74,5.64,257.3,0.01,4.24
2.87,0.67,3.01,5.26,269.25,1.75,5.89
0.21,0.79,4.06,6.73,284.01,0.61,3.0
0.17,1.06,2.94,9.45,119.25,1.88,3.53
0.85,0.32,1.6,4.63,65.14,0.63,5.83
